[[2, 1, 0.01, 0.09959141988146558, 0.8016644929154564, 0.5367583684530446],
 [2, 1, 0.1, 0.15844989866094356, 0.7636686608896069, 0.5289411237803063],
 [2, 1, 1, 0.12073053534940303, 3.0359508125399195, 3.454392761082532],
 [2, 2, 0.01, 0.16242856974513573, 0.7789292968736133, 0.5504332042686307],
 [2, 2, 0.1, 0.17003714898837988, 0.6857091615093716, 0.547063324633559],
 [2, 2, 1, 0.20466175339193918, 3.6629721831883417, 4.630383295567756],
 [2, 3, 0.01, 0.14642232519852197, 0.6154171638519476, 0.46867201705530676],
 [2, 3, 0.1, 0.10442609473313605, 0.705723588639345, 0.4962503811922062],
 [2, 3, 1, 0.15705724740928761, 2.2340696741341537, 0.5238186042519399],
 [2, 4, 0.01, 0.1668434510640256, 0.7407163258843413, 0.48824288097610646],
 [2, 4, 0.1, 0.12329452612325327, 0.8628495244379405, 0.4882908553428801],
 [2, 4, 1, 0.1573186263236773, 3.058503882511988, 0.5605639612296881],
 [2, 5, 0.01, 0.18118807175057572, 0.7265012337095526, 0.554202429620008],
 [2, 5, 0.1, 0.16804979587113497, 0.7538205363056388, 0.5102570363031819],
 [2, 5, 1, 0.20851155869418242, 1.4271336485790103, 0.8957680011643068],
 [2, 6, 0.01, 0.14550084783702416, 0.7219500670642597, 0.4865012732880541],
 [2, 6, 0.1, 0.15132064998011893, 0.7059386415622796, 0.47845986173471833],
 [2, 6, 1, 0.2208408321130563, 1.922359331787839, 0.5667036737574201],
 [2, 7, 0.01, 0.18070521308106877, 0.6042065661646803, 0.4554815055125147],
 [2, 7, 0.1, 0.2126252171837515, 0.5925419476241787, 0.47719064766351743],
 [2, 7, 1, 0.2408099940460545, 2.173794204096954, 1.6907780293058063],
 [2, 8, 0.01, 0.2597707611829323, 0.5392372253182842, 0.4790865211283863],
 [2, 8, 0.1, 0.13246498252084554, 0.5911314211952842, 0.4934716564747141],
 [2, 8, 1, 0.18110915345684778, 2.2924188065354363, 0.5126571879485944],
 [2, 9, 0.01, 0.16381992147083724, 0.6530921532543851, 0.4944609424797327],
 [2, 9, 0.1, 0.16121988361476608, 0.7201306382249447, 0.5230590789825897],
 [2, 9, 1, 0.16546968006079016, 1.8535616931228482, 2.988382623921692],
 [2, 10, 0.01, 0.3362635919648779, 0.6061029663340267, 0.4905159203622987],
 [2, 10, 0.1, 0.25966803121069065, 0.6594080848725539, 0.45293797631099947],
 [2, 10, 1, 0.3148698517173278, 2.215111686991917, 2.3187778620579427],
 [2, 11, 0.01, 0.11991554986898982, 0.6337807311055645, 0.4678097857621384],
 [2, 11, 0.1, 0.18146600428381035, 0.5710369720668521, 0.45675079608903946],
 [2, 11, 1, 0.24395701776545559, 2.3638383697024663, 2.0100441574861345],
 [2, 12, 0.01, 0.20476943222789684, 0.5972490552464345, 0.49991555199394716],
 [2, 12, 0.1, 0.20028830196650843, 0.5475093789357136, 0.46571496948349544],
 [2, 12, 1, 0.18772599984083277, 1.7253718851868733, 0.7284207786059163],
 [2, 13, 0.01, 0.17068579792766697, 0.5432552745716539, 0.46707071579359843],
 [2, 13, 0.1, 0.20840912859983624, 0.5555394668842919, 0.4701904814137194],
 [2, 13, 1, 0.21764181258333853, 1.8882246027583771, 3.574338684350586],
 [2, 14, 0.01, 0.20966317480489627, 0.5477590634857554, 0.46578063992365876],
 [2, 14, 0.1, 0.20028672448168977, 0.603652139439151, 0.4862939937189489],
 [2, 14, 1, 0.2963794016207675, 1.68793262229809, 1.8713468580769066],
 [2, 15, 0.01, 0.219670743529547, 0.6164013121896372, 0.5002806730144621],
 [2, 15, 0.1, 0.20292921736061467, 0.5726567380736041, 0.5016529029217821],
 [2, 15, 1, 0.32282367678071716, 2.180676098673106, 3.458751371019463],
 [2, 16, 0.01, 0.2566506877082396, 0.5624780757890177, 0.46573043050725954],
 [2, 16, 0.1, 0.29648764934852406, 0.5986094572355957, 0.49816594676375275],
 [2, 16, 1, 0.495272566065773, 1.989957561026572, 0.5256023599639561],
 [2, 17, 0.01, 0.17827344212460755, 0.5572213740801011, 0.47403265693952035],
 [2, 17, 0.1, 0.22498509892593838, 0.5527056448920505, 0.4597935905612762],
 [2, 17, 1, 0.3153726780452739, 2.1562868175322727, 0.964035010074469],
 [2, 18, 0.01, 0.2243433779433733, 0.5264077569507126, 0.45815068429600264],
 [2, 18, 0.1, 0.26374435634843424, 0.5264951066416118, 0.4570846209381968],
 [2, 18, 1, 0.38558327925517527, 1.9557345345720436, 2.026601168703362],
 [2, 19, 0.01, 0.20989700916241344, 0.5500485014387684, 0.48927887281058413],
 [2, 19, 0.1, 0.19501898451433333, 0.5704265674496577, 0.4868486469732485],
 [2, 19, 1, 0.3944916228411727, 2.2750783777061137, 0.5310744122995066],
 [2, 20, 0.01, 0.25387087939486647, 0.5721316355682318, 0.4726275677872025],
 [2, 20, 0.1, 0.20002397569356956, 0.5595246533922462, 0.46656275922419477],
 [2, 20, 1, 0.6121750660761142, 1.6117712915537925, 0.5529402754287389],
 [5, 1, 0.01, 0.3576410324910954, 0.5857775951705342, 0.5086880257873007],
 [5, 1, 0.1, 0.30624350027125746, 0.673637882329952, 0.5298408519370068],
 [5, 1, 1, 0.3446902064597161, 2.6098185720256764, 5.67343001762222],
 [5, 2, 0.01, 0.2796731200774457, 0.620793100430832, 0.47964666874003214],
 [5, 2, 0.1, 0.2653770543930436, 0.6284493688678336, 0.4929233176536001],
 [5, 2, 1, 0.31411542906040524, 2.7000164288467134, 0.7085129548447414],
 [5, 3, 0.01, 0.36854084690536865, 0.5571351466212985, 0.449308444492019],
 [5, 3, 0.1, 0.28746823520798664, 0.6067586859939775, 0.5241489355381787],
 [5, 3, 1, 0.29133681178767545, 2.2625003391340126, 0.48029940952159644],
 [5, 4, 0.01, 0.31756566316424106, 0.5892642232406581, 0.4980198126895887],
 [5, 4, 0.1, 0.29585587902154087, 0.5101053531425676, 0.46769667973136836],
 [5, 4, 1, 0.30092559683040476, 2.049290912237942, 2.212521132644261],
 [5, 5, 0.01, 0.29759209472843906, 0.5942124911762511, 0.4410808591087284],
 [5, 5, 0.1, 0.24797690327162694, 0.6335730977668469, 0.46571582828495917],
 [5, 5, 1, 0.3612329549413893, 1.947264021483544, 0.47182110713138775],
 [5, 6, 0.01, 0.2957420171625398, 0.5390436377406134, 0.46151372142988784],
 [5, 6, 0.1, 0.33922972114279093, 0.5384449948795996, 0.4706050350422847],
 [5, 6, 1, 0.4375769169046572, 1.8747854733005795, 0.596380873608727],
 [5, 7, 0.01, 0.37741079454702453, 0.5311687201431541, 0.44131603688800247],
 [5, 7, 0.1, 0.3388455393992672, 0.6145476718878842, 0.5181235783458438],
 [5, 7, 1, 0.3440779450480755, 2.6380588944336254, 0.9585811877749236],
 [5, 8, 0.01, 0.34128163791904764, 0.47797184410307053, 0.43768674633490257],
 [5, 8, 0.1, 0.3329552547970289, 0.5230334126004076, 0.4646713286843944],
 [5, 8, 1, 0.3759231710593597, 1.6874730005126728, 1.088446777013905],
 [5, 9, 0.01, 0.3449082636224391, 0.5325747804177066, 0.4643854600081839],
 [5, 9, 0.1, 0.27410994714856673, 0.5572283908125322, 0.4619820245507796],
 [5, 9, 1, 0.4700559783269235, 1.7726467444101401, 1.5970706138539632],
 [5, 10, 0.01, 0.284982747139542, 0.5050141836936854, 0.4417438564724152],
 [5, 10, 0.1, 0.3531546822798938, 0.5434445755344858, 0.5026552007169515],
 [5, 10, 1, 0.4176938130114178, 1.930231443316965, 1.1324724515276523],
 [5, 11, 0.01, 0.31458205549770335, 0.4885415349120702, 0.43657268310130165],
 [5, 11, 0.1, 0.3294085243540641, 0.5425655302809578, 0.4856218458350337],
 [5, 11, 1, 0.44269083406135135, 1.7617150671168513, 1.7232612363137887],
 [5, 12, 0.01, 0.3710495634940775, 0.5095864253949107, 0.45772343350714495],
 [5, 12, 0.1, 0.327911302966132, 0.4982450559269459, 0.4481315559388988],
 [5, 12, 1, 0.5377322580541409, 1.8550838710558488, 6.0358578940559156],
 [5, 13, 0.01, 0.32362430292519834, 0.48724720300684865, 0.4548065612729833],
 [5, 13, 0.1, 0.31452135887383903, 0.5363920564323846, 0.4895655227085188],
 [5, 13, 1, 0.42683357827611984, 1.728198992345666, 0.45134549968012233],
 [5, 14, 0.01, 0.3827435227446391, 0.49340830177174916, 0.4548563133197067],
 [5, 14, 0.1, 0.3379186389350938, 0.4825634907097956, 0.4548221711261736],
 [5, 14, 1, 0.5299500951394336, 2.0912645124946168, 0.47483308435583194],
 [5, 15, 0.01, 0.3545109067554481, 0.5090665735599703, 0.45839826320500343],
 [5, 15, 0.1, 0.31970849089176767, 0.5226541430501007, 0.46582103492543525],
 [5, 15, 1, 0.693127993750902, 2.597318544194832, 0.5551723187286468],
 [5, 16, 0.01, 0.3637257497817468, 0.4926029585402071, 0.4668120196248649],
 [5, 16, 0.1, 0.3581689342879771, 0.4782991464700623, 0.4599005201228189],
 [5, 16, 1, 0.540163944440085, 2.060397302435142, 0.5011727745884627],
 [5, 17, 0.01, 0.3327933165519957, 0.4887318200840589, 0.4648488186669534],
 [5, 17, 0.1, 0.3609381787222185, 0.4889386938977388, 0.49150691581921246],
 [5, 17, 1, 0.5070000253640387, 1.8883560999540403, 1.8123514919930166],
 [5, 18, 0.01, 0.3477886142004473, 0.501979137815792, 0.4608032307609569],
 [5, 18, 0.1, 0.38359000506625324, 0.4960944800429643, 0.45520171575776425],
 [5, 18, 1, 0.6250836961443664, 1.8823391339682867, 0.4712429513171792],
 [5, 19, 0.01, 0.31398345790107746, 0.4661934983020995, 0.41700456467509595],
 [5, 19, 0.1, 0.31370552296637844, 0.4873984150780538, 0.4566982751816643],
 [5, 19, 1, 0.5385579043556014, 1.8063111167746204, 0.7975486592970561],
 [5, 20, 0.01, 0.36233539610555376, 0.508596911215432, 0.447869745126056],
 [5, 20, 0.1, 0.3577298877648166, 0.4932052662333297, 0.4479514908884575],
 [5, 20, 1, 0.7090917494012628, 3.1802666095522754, 1.1319155120611193],
 [10, 1, 0.01, 0.420426570939931, 0.5678809322448212, 0.505428301364046],
 [10, 1, 0.1, 0.41526398566062817, 0.5675753804405809, 0.5143194954702752],
 [10, 1, 1, 0.39757220856493347, 2.0487418292251904, 1.1885860478385872],
 [10, 2, 0.01, 0.38532129364818307, 0.563902940998634, 0.4826924340928808],
 [10, 2, 0.1, 0.41557991768124786, 0.5685388179334246, 0.4803691329748624],
 [10, 2, 1, 0.40083565209066274, 2.528089268306115, 3.1672170622480027],
 [10, 3, 0.01, 0.36616021614617134, 0.525625748258524, 0.4615923292600825],
 [10, 3, 0.1, 0.35619292032732075, 0.5528225399700201, 0.4868628633698108],
 [10, 3, 1, 0.4218152280858023, 3.021959709618694, 2.9069664145029344],
 [10, 4, 0.01, 0.38811628029155065, 0.5202048243304768, 0.44811249866867625],
 [10, 4, 0.1, 0.3724443434606415, 0.5083033741629287, 0.4489968534711656],
 [10, 4, 1, 0.3926275467442021, 2.6383522903132617, 0.442819127416064],
 [10, 5, 0.01, 0.3363779870540141, 0.5272158190393036, 0.45922088523538535],
 [10, 5, 0.1, 0.37146782902607756, 0.5275570607944872, 0.4554337476273288],
 [10, 5, 1, 0.3906173304460968, 1.9119205335689216, 0.6904116123074541],
 [10, 6, 0.01, 0.38583549599156913, 0.49664912778452414, 0.4385280148798138],
 [10, 6, 0.1, 0.37599465995281534, 0.5087020230536949, 0.5144641703992134],
 [10, 6, 1, 0.4066468582297264, 2.1837291674812542, 0.8410615104574879],
 [10, 7, 0.01, 0.38783120501417656, 0.4877538342397405, 0.4354951449712502],
 [10, 7, 0.1, 0.40607927443706693, 0.4930324540760713, 0.4363361457669924],
 [10, 7, 1, 0.44972225143922306, 3.3638990159575686, 0.42664694527131486],
 [10, 8, 0.01, 0.3760605869213284, 0.4859217256120519, 0.43328061590350714],
 [10, 8, 0.1, 0.3501641658517384, 0.536831919591556, 0.46921045270879086],
 [10, 8, 1, 0.4996964763477238, 2.0972800315450106, 0.5229438962402431],
 [10, 9, 0.01, 0.3574706371222219, 0.5019495748836454, 0.44191080225440105],
 [10, 9, 0.1, 0.340746329780983, 0.5284722647139425, 0.45163334772455554],
 [10, 9, 1, 0.4050283814403019, 2.1771334132273212, 3.642900067912251],
 [10, 10, 0.01, 0.36532992776870715, 0.46821483751688586, 0.4797552254360694],
 [10, 10, 0.1, 0.3744049131820086, 0.4921010766467986, 0.4609265551176006],
 [10, 10, 1, 0.42047444505011144, 2.012915468755216, 0.6180151265626757],
 [10, 11, 0.01, 0.3852811670237589, 0.46992738965873004, 0.44900227431475903],
 [10, 11, 0.1, 0.41788486687097476, 0.4729607896650686, 0.4270214039642313],
 [10, 11, 1, 0.4987987634149289, 2.1826065720294894, 7.857838628790203],
 [10, 12, 0.01, 0.3913189322544304, 0.45656014882377016, 0.43579148887027086],
 [10, 12, 0.1, 0.3826451218819317, 0.4657042721902426, 0.4169367864961945],
 [10, 12, 1, 0.5076427797916415, 2.1595791044971433, 0.5308750098358407],
 [10, 13, 0.01, 0.38586968753234013, 0.474049046906153, 0.44303390385243163],
 [10, 13, 0.1, 0.38632470600195007, 0.48103052880208796, 0.48733953083838344],
 [10, 13, 1, 0.5782901457979008, 1.4305891340666839, 1.1364910525184777],
 [10, 14, 0.01, 0.3425912435702029, 0.4725768644879394, 0.43009535072511207],
 [10, 14, 0.1, 0.4036114669167863, 0.4783699193472139, 0.44142170754949767],
 [10, 14, 1, 0.4828050214839812, 1.6178798826174787, 1.4262128050251308],
 [10, 15, 0.01, 0.4385731827355458, 0.4815994423978106, 0.4590619248252809],
 [10, 15, 0.1, 0.3763150653422261, 0.5080552083111608, 0.44376254539407717],
 [10, 15, 1, 0.5487919251210037, 2.022597182338527, 0.5205136059738461],
 [10, 16, 0.01, 0.4064334629264306, 0.474904257544833, 0.4492429515481892],
 [10, 16, 0.1, 0.37321948733538657, 0.4668848565306788, 0.4459572743685613],
 [10, 16, 1, 0.6337200502330147, 1.92186569056704, 1.376087723632649],
 [10, 17, 0.01, 0.4046456061534534, 0.4602302178996168, 0.441596004226562],
 [10, 17, 0.1, 0.33545582948873753, 0.4706484059419845, 0.4368287352988965],
 [10, 17, 1, 0.5691466125559258, 2.0904388444453006, 2.2826394148745637],
 [10, 18, 0.01, 0.3563015306356284, 0.47411436179968564, 0.4593232854758199],
 [10, 18, 0.1, 0.37976310873163655, 0.46427343316014413, 0.43583845295585666],
 [10, 18, 1, 0.665381226524882, 1.3876572251514203, 0.48477578195264776],
 [10, 19, 0.01, 0.36536250067734655, 0.4732585872527054, 0.4340501041636245],
 [10, 19, 0.1, 0.4261795298686784, 0.46404048166092393, 0.4842275492199259],
 [10, 19, 1, 0.6531130268598462, 1.883156697514115, 1.154916825710756],
 [10, 20, 0.01, 0.4197715581298043, 0.48348106764728194, 0.45394363994947184],
 [10, 20, 0.1, 0.4066677076788805, 0.48109192689532954, 0.46450994909337057],
 [10, 20, 1, 0.7450826121195796, 1.9674764017077855, 0.9306446292847916],
 [20, 1, 0.01, 0.44008646180350575, 0.519907484298646, 0.4933846276316608],
 [20, 1, 0.1, 0.44403999086850965, 0.5537813277342754, 0.49223889219527656],
 [20, 1, 1, 0.4630945295754462, 3.2045814770706693, 0.7476920907454936],
 [20, 2, 0.01, 0.4548655390837423, 0.5136484337340849, 0.4803736941046281],
 [20, 2, 0.1, 0.46482793246116394, 0.5543563812219273, 0.46638812837129934],
 [20, 2, 1, 0.4486938610423016, 2.8704120375782254, 1.7598733495489174],
 [20, 3, 0.01, 0.4392332145148382, 0.49906431004158003, 0.4826825433561132],
 [20, 3, 0.1, 0.43094613402019544, 0.5158049970362234, 0.45302475866225494],
 [20, 3, 1, 0.43688963573870215, 2.8179836334322883, 0.5229984320786086],
 [20, 4, 0.01, 0.3931999368362472, 0.4863531992720237, 0.44238061218413055],
 [20, 4, 0.1, 0.4003050692786343, 0.5320293046723397, 0.4946781646637695],
 [20, 4, 1, 0.4668319646320926, 1.9381768109109054, 1.5312655582560486],
 [20, 5, 0.01, 0.4100933862781811, 0.4654814622868736, 0.4392019842023352],
 [20, 5, 0.1, 0.3877518967035525, 0.49439697692253076, 0.4553937650556578],
 [20, 5, 1, 0.45759220416027657, 3.527527537536482, 2.2178838067611517],
 [20, 6, 0.01, 0.40627023533360723, 0.4712045018523475, 0.4478806438560789],
 [20, 6, 0.1, 0.41836238073747134, 0.49003747903128003, 0.5035644681106198],
 [20, 6, 1, 0.4487903296030171, 1.6054692771479033, 1.4695529982941269],
 [20, 7, 0.01, 0.39604396146104465, 0.45591980171321944, 0.44615515620411744],
 [20, 7, 0.1, 0.43238431692885293, 0.4880521929209095, 0.46157403547567144],
 [20, 7, 1, 0.5130688803334406, 2.7178115228308113, 0.9503260551443993],
 [20, 8, 0.01, 0.36761032187004117, 0.45601922337403406, 0.4367748166273294],
 [20, 8, 0.1, 0.38794077444517083, 0.47286876596602523, 0.4976596489695466],
 [20, 8, 1, 0.46887074758984876, 2.1168450635833858, 0.8070674792492123],
 [20, 9, 0.01, 0.43648052427412926, 0.4470385962087944, 0.43342630327425014],
 [20, 9, 0.1, 0.45103202053114655, 0.4634057767600483, 0.4598629984663461],
 [20, 9, 1, 0.5106164636760783, 1.826840937215793, 2.2172369303585246],
 [20, 10, 0.01, 0.37375913099674263, 0.4523713077360217, 0.44614973560032556],
 [20, 10, 0.1, 0.4124185687018744, 0.48666771352768434, 0.46983735773147406],
 [20, 10, 1, 0.5352824159256266, 2.4851822908605756, 2.7312514280074973],
 [20, 11, 0.01, 0.41559858433278396, 0.455043486836328, 0.43811816310486906],
 [20, 11, 0.1, 0.37751967299585243, 0.4663688444641864, 0.4427766225316391],
 [20, 11, 1, 0.515633955877182, 1.6111623995908424, 0.7461659572440594],
 [20, 12, 0.01, 0.38104313758358, 0.4579244183154107, 0.4224204307839592],
 [20, 12, 0.1, 0.4405204628003621, 0.48309320784156595, 0.45737051154389496],
 [20, 12, 1, 0.48160959632559336, 2.1287453291966125, 1.0255758877975265],
 [20, 13, 0.01, 0.41094769250065577, 0.4536189054574401, 0.4366466816352609],
 [20, 13, 0.1, 0.4189454505484377, 0.4721246618616245, 0.44246305777176154],
 [20, 13, 1, 0.5945720295314157, 1.8392274859977302, 0.7299965778629379],
 [20, 14, 0.01, 0.3907248973877407, 0.46270753527703146, 0.44150137276000345],
 [20, 14, 0.1, 0.4011397475571992, 0.4669605349073743, 0.4263667511045097],
 [20, 14, 1, 0.616204229427906, 1.981803473025939, 0.45108705528679777],
 [20, 15, 0.01, 0.4127703699495163, 0.453317122283243, 0.42609682625612777],
 [20, 15, 0.1, 0.41104790628915744, 0.45939126180043444, 0.4454750008306198],
 [20, 15, 1, 0.5015976020846228, 2.194605963610809, 3.6091348924595597],
 [20, 16, 0.01, 0.43062498935355914, 0.4513883375566915, 0.4546563007530788],
 [20, 16, 0.1, 0.42549490979168647, 0.4727868778096731, 0.5175033843984027],
 [20, 16, 1, 0.6249153652970241, 1.7691479162817547, 0.6586468304404806],
 [20, 17, 0.01, 0.3935384525129836, 0.4422069657844408, 0.4554760848260234],
 [20, 17, 0.1, 0.4217483038987492, 0.4711186545695892, 0.4476761484866344],
 [20, 17, 1, 0.5963292620889067, 1.2465067479396115, 1.0914991539120724],
 [20, 18, 0.01, 0.42757916966976894, 0.4590615327726666, 0.42476059156627466],
 [20, 18, 0.1, 0.39866996082832157, 0.46222451829593963, 0.4795655784351725],
 [20, 18, 1, 0.6171987291155212, 1.8754800864151915, 0.4624519985836209],
 [20, 19, 0.01, 0.4320082243569018, 0.45120093525705907, 0.45000931535092276],
 [20, 19, 0.1, 0.43012633902299513, 0.4701489643517494, 0.5032709978612807],
 [20, 19, 1, 0.6618942602646567, 1.9980226631480935, 1.217508839892738],
 [20, 20, 0.01, 0.3977013582813881, 0.45894774426375484, 0.4495766527375126],
 [20, 20, 0.1, 0.4093587032768956, 0.4644438782678164, 0.4529764961172392],
 [20, 20, 1, 0.7596786629841278, 2.1900805488179684, 3.4392151611882578],
 [50, 1, 0.01, 0.48451332832893373, 0.5154518466397405, 0.5112432846220314],
 [50, 1, 0.1, 0.48068362575192414, 0.5424688815949137, 0.48766609174833964],
 [50, 1, 1, 0.47953505264727675, 3.1003184876403913, 0.6603983320415916],
 [50, 2, 0.01, 0.4721325318560912, 0.49576555817088297, 0.4664211214962312],
 [50, 2, 0.1, 0.45705230172193645, 0.5270392572198118, 0.483583412727056],
 [50, 2, 1, 0.47132863874404746, 2.2088407349129957, 0.4969424436899028],
 [50, 3, 0.01, 0.45238419722428913, 0.4749831853081076, 0.4765029421890198],
 [50, 3, 0.1, 0.43691655310074295, 0.4889392793188039, 0.4634534339264553],
 [50, 3, 1, 0.44400626679800215, 2.7765144562945183, 4.871306630034382],
 [50, 4, 0.01, 0.45129916321816854, 0.46372584147284607, 0.43585283576904194],
 [50, 4, 0.1, 0.42602013720834037, 0.48010462561223005, 0.4693535090876287],
 [50, 4, 1, 0.46468033086226856, 2.922676079599895, 0.9730736459340271],
 [50, 5, 0.01, 0.4230163500387333, 0.4562689869409195, 0.44523719419925933],
 [50, 5, 0.1, 0.4329642829391863, 0.46434434132775293, 0.4825959824140821],
 [50, 5, 1, 0.4683149134983845, 3.290453592202686, 0.4539784899222501],
 [50, 6, 0.01, 0.4019865305320887, 0.4399478035512704, 0.442814796157249],
 [50, 6, 0.1, 0.42547734475285487, 0.4702009592333791, 0.4172855643843702],
 [50, 6, 1, 0.4619549717981143, 1.7705035068995034, 2.932163062186773],
 [50, 7, 0.01, 0.43113520831392743, 0.4413291655562757, 0.4139966378568072],
 [50, 7, 0.1, 0.43051612834775443, 0.45261828959867517, 0.4402697916163928],
 [50, 7, 1, 0.47086124948704944, 2.108708024991206, 1.6790194532916245],
 [50, 8, 0.01, 0.4281480057531339, 0.43965446973502226, 0.4340323733016032],
 [50, 8, 0.1, 0.4488521355580121, 0.4550050095046306, 0.4521683370768819],
 [50, 8, 1, 0.4721339187294619, 2.2249473220614786, 0.4368259857473358],
 [50, 9, 0.01, 0.4338460157680866, 0.4346362458660383, 0.42068439206776187],
 [50, 9, 0.1, 0.4185078732134159, 0.45617142032500196, 0.47276809147182414],
 [50, 9, 1, 0.4878657174419668, 2.87917284083462, 6.388991232057757],
 [50, 10, 0.01, 0.4300872990070014, 0.43486813752273745, 0.4308684663003515],
 [50, 10, 0.1, 0.4253938061036198, 0.4541960290853416, 0.44546850429885426],
 [50, 10, 1, 0.5195867633655157, 2.194078460518548, 1.1899249278101096],
 [50, 11, 0.01, 0.42862047235194956, 0.44201952270870626, 0.4385249527001264],
 [50, 11, 0.1, 0.42409440093227835, 0.45799793697317853, 0.43756489119994624],
 [50, 11, 1, 0.4692010850057399, 1.5906979618409476, 0.5652465905621507],
 [50, 12, 0.01, 0.41929600870466216, 0.44302145575592655, 0.45152276320695434],
 [50, 12, 0.1, 0.42292384755749507, 0.44682972289873335, 0.4345437070044218],
 [50, 12, 1, 0.49991656413263036, 2.0791740209945115, 5.714851024243441],
 [50, 13, 0.01, 0.4392599210510049, 0.4439676741784641, 0.42855471672963436],
 [50, 13, 0.1, 0.4175178666544822, 0.4582319899147575, 0.43794673835313414],
 [50, 13, 1, 0.5422520774466918, 1.3969934085506324, 1.0376764716716111],
 [50, 14, 0.01, 0.43200586905516375, 0.44620175928342853, 0.440233199884892],
 [50, 14, 0.1, 0.43902433242714006, 0.44896058745487233, 0.42665906680921356],
 [50, 14, 1, 0.6092088116276562, 1.6287167972734529, 1.1795083983882433],
 [50, 15, 0.01, 0.4291768675284307, 0.44445767760254806, 0.44502551274701646],
 [50, 15, 0.1, 0.4123907909627416, 0.4536659630155498, 0.44751820355316896],
 [50, 15, 1, 0.6356680228941872, 1.5915224586350731, 2.1340343325303492],
 [50, 16, 0.01, 0.4285047948038108, 0.44147034778684197, 0.45903811214852447],
 [50, 16, 0.1, 0.4450011356450071, 0.4570103728342404, 0.46986655847658765],
 [50, 16, 1, 0.6690902475999982, 1.9743534325546304, 0.9216477950846197],
 [50, 17, 0.01, 0.4163823774095422, 0.4472522875248262, 0.44213343940988475],
 [50, 17, 0.1, 0.41394855114814655, 0.45808293160472147, 0.44202423385985945],
 [50, 17, 1, 0.7228120911303232, 2.482175932710272, 1.4546218924836176],
 [50, 18, 0.01, 0.4157128744690522, 0.4447116112769405, 0.45107760980209843],
 [50, 18, 0.1, 0.42126725700476786, 0.4688857592939262, 0.43290705480424035],
 [50, 18, 1, 0.7607448375067305, 1.5344550638811199, 0.5612502533418335],
 [50, 19, 0.01, 0.43434571173710657, 0.4456268119005098, 0.45154102460396506],
 [50, 19, 0.1, 0.419089752110836, 0.4648481654684639, 0.43382433896071587],
 [50, 19, 1, 0.6664414991233357, 1.4435564429305687, 0.7332489809399125],
 [50, 20, 0.01, 0.4136198217641792, 0.4451014225870128, 0.4372757133624255],
 [50, 20, 0.1, 0.4400430115580799, 0.4623581961129525, 0.4452440136389688],
 [50, 20, 1, 0.6026729903286534, 1.16731490251063, 2.147204968789594],
 [100, 1, 0.01, 0.4794846792440069, 0.509517727838648, 0.524051140811107],
 [100, 1, 0.1, 0.48792561909903026, 0.5231769571451036, 0.5073633982364061],
 [100, 1, 1, 0.487304970114821, 2.2307974740310654, 1.842387835285624],
 [100, 2, 0.01, 0.4763155585208203, 0.4894130160411114, 0.4994047969272119],
 [100, 2, 0.1, 0.46723704157068446, 0.5024395866905497, 0.48110921080597563],
 [100, 2, 1, 0.4905578509455209, 2.084930668389283, 1.9823399126952188],
 [100, 3, 0.01, 0.45288437658752445, 0.47044966315902703, 0.4629825692366648],
 [100, 3, 0.1, 0.4570161501153027, 0.4925361965563574, 0.4762582996698401],
 [100, 3, 1, 0.49018986809897935, 2.3531470983445173, 1.0237369733102393],
 [100, 4, 0.01, 0.44778874627389487, 0.4576161778724491, 0.43723321796872144],
 [100, 4, 0.1, 0.44259887196452413, 0.46962949835065315, 0.471052336127579],
 [100, 4, 1, 0.49198838478261103, 2.2142247929735532, 1.518814142340697],
 [100, 5, 0.01, 0.4316566544584662, 0.44682623129943516, 0.441008307397138],
 [100, 5, 0.1, 0.42753724593598247, 0.46021957010124626, 0.4781483114601435],
 [100, 5, 1, 0.4667517313224363, 1.9615229480262228, 0.691198385092847],
 [100, 6, 0.01, 0.4246593073741483, 0.4416113600125839, 0.4478149708104569],
 [100, 6, 0.1, 0.4515419936207873, 0.4587389570306734, 0.42934983183785536],
 [100, 6, 1, 0.48706606029769717, 2.0173847764198336, 4.275321789593309],
 [100, 7, 0.01, 0.4293910185140132, 0.4355252817791174, 0.4605505698480182],
 [100, 7, 0.1, 0.4428027329365736, 0.46462323611343975, 0.4476728902417115],
 [100, 7, 1, 0.5030076350722914, 2.3086918118342403, 3.3631311151307552],
 [100, 8, 0.01, 0.4321043442797691, 0.4397331984282188, 0.4276775304346807],
 [100, 8, 0.1, 0.4187905142809158, 0.4635848557321755, 0.45218087748453967],
 [100, 8, 1, 0.5447478485754182, 3.367949555680446, 0.8321738920660816],
 [100, 9, 0.01, 0.4341832913208262, 0.4344571429443165, 0.42218266190040443],
 [100, 9, 0.1, 0.4344622602635025, 0.45701372345471264, 0.418025456222004],
 [100, 9, 1, 0.5103770237348665, 2.466811242388011, 0.904466160764119],
 [100, 10, 0.01, 0.43293803004465853, 0.43343867978315026, 0.4320418115351725],
 [100, 10, 0.1, 0.42867449366397176, 0.45509474576354514, 0.3999971649748083],
 [100, 10, 1, 0.4973781899174301, 2.003504287178988, 3.012046411377218],
 [100, 11, 0.01, 0.4375061819546171, 0.4352245341420439, 0.42324708192095056],
 [100, 11, 0.1, 0.4427954789879739, 0.469823846579692, 0.4382036890528869],
 [100, 11, 1, 0.5447250103535093, 1.3280667180097112, 0.4364976456764135],
 [100, 12, 0.01, 0.4215124483849758, 0.44193608582447463, 0.4521707902365434],
 [100, 12, 0.1, 0.42792685410888553, 0.4534353764402489, 0.4488464790283842],
 [100, 12, 1, 0.5969352592111525, 1.9998414330039656, 0.4285718472143322],
 [100, 13, 0.01, 0.41711210883001437, 0.4319165796354481, 0.43153669082672175],
 [100, 13, 0.1, 0.42210656471214947, 0.44835457265596085, 0.4431651464257328],
 [100, 13, 1, 0.5258564061724904, 1.9499294691543163, 0.7336309926279594],
 [100, 14, 0.01, 0.42855159952942923, 0.4334800377144476, 0.4342905571932271],
 [100, 14, 0.1, 0.44186338898792005, 0.4635905922266675, 0.4920883710749242],
 [100, 14, 1, 0.6948625979113225, 2.2767115100815696, 3.0165227750935775],
 [100, 15, 0.01, 0.42560730359590926, 0.4451791844730388, 0.4407110714677633],
 [100, 15, 0.1, 0.42976244044101153, 0.4583666865747831, 0.4568829080310388],
 [100, 15, 1, 0.7133790853907469, 2.3613299461731656, 2.434311572031613],
 [100, 16, 0.01, 0.4364196075663501, 0.4403204228588341, 0.45633307239299586],
 [100, 16, 0.1, 0.4311570638946634, 0.45380268659495543, 0.45148386566239],
 [100, 16, 1, 0.6110961992602929, 1.4836114840166519, 0.4878497568942211],
 [100, 17, 0.01, 0.43687362343126057, 0.4418945023378994, 0.44351371977964205],
 [100, 17, 0.1, 0.4361856432034806, 0.4549815827999127, 0.44469949776895096],
 [100, 17, 1, 0.7083805949353272, 1.8689074119778244, 1.374597086714533],
 [100, 18, 0.01, 0.4389531534902371, 0.4449367916203054, 0.4208023128189346],
 [100, 18, 0.1, 0.43146221307463756, 0.4425708533217336, 0.4827895628772369],
 [100, 18, 1, 0.5603020141417528, 1.530993879678201, 0.6008062225810387],
 [100, 19, 0.01, 0.43675643536171976, 0.4483877102184984, 0.4143251046930549],
 [100, 19, 0.1, 0.4417782574217071, 0.4653052725052311, 0.4602302611719207],
 [100, 19, 1, 0.8366601533749061, 2.359576412159894, 2.4229943964409357],
 [100, 20, 0.01, 0.4333432908961403, 0.4430126374567755, 0.4271925380357733],
 [100, 20, 0.1, 0.43918920041570814, 0.4611938018419191, 0.4982388355994129],
 [100, 20, 1, 0.8209509407591529, 2.4425798770049143, 1.8156334326166748],
 [200, 1, 0.01, 0.49542989455716746, 0.5022565183347768, 0.5106445198800709],
 [200, 1, 0.1, 0.49954750036862583, 0.5152514500254389, 0.5034881782051587],
 [200, 1, 1, 0.4959933807560174, 3.9222637157162814, 4.325863464759196],
 [200, 2, 0.01, 0.4814500012225644, 0.487696572183453, 0.4835418388718772],
 [200, 2, 0.1, 0.4891292230011971, 0.499036361255696, 0.481153554162795],
 [200, 2, 1, 0.48741474506978816, 2.6476019657227066, 7.376654260275648],
 [200, 3, 0.01, 0.46032004569185325, 0.4662475822962156, 0.47272619863998444],
 [200, 3, 0.1, 0.46475048351223014, 0.4903804977828273, 0.5034470116180629],
 [200, 3, 1, 0.48713777251250806, 2.4516373576212325, 0.557597685621578],
 [200, 4, 0.01, 0.44406060112274925, 0.45423653816830106, 0.44914971887096783],
 [200, 4, 0.1, 0.447481195230346, 0.4777227546777669, 0.4807571349054946],
 [200, 4, 1, 0.4902611047643031, 2.5808403521855743, 1.5503451629551173],
 [200, 5, 0.01, 0.44134617199374226, 0.44406560972034237, 0.42736603400918427],
 [200, 5, 0.1, 0.4368323434430785, 0.4826802277231993, 0.46980664498361163],
 [200, 5, 1, 0.48107009194803024, 1.9604115850540684, 10.032701747546064],
 [200, 6, 0.01, 0.44281991382571945, 0.4409377443679273, 0.43893655395623704],
 [200, 6, 0.1, 0.4327252720987985, 0.45018495988007856, 0.4792953800020488],
 [200, 6, 1, 0.4795906283882211, 2.49406848455375, 1.2145588607140203],
 [200, 7, 0.01, 0.4298998694129638, 0.43743519186490243, 0.4115228196043797],
 [200, 7, 0.1, 0.42320729137389906, 0.4587319363128784, 0.43523600536727325],
 [200, 7, 1, 0.5134468885093669, 2.465038936398847, 1.4513937009301268],
 [200, 8, 0.01, 0.43580068831546104, 0.43557059521518565, 0.4596572590327363],
 [200, 8, 0.1, 0.43643700077416164, 0.45610965786557844, 0.45291526837829504],
 [200, 8, 1, 0.45225547799078936, 2.148512460244389, 1.4855422410951846],
 [200, 9, 0.01, 0.4284282320345591, 0.43395272472829055, 0.43750196581097717],
 [200, 9, 0.1, 0.4275605171588855, 0.4500130717243335, 0.4396824459764323],
 [200, 9, 1, 0.5184102577480085, 1.7953611401712195, 0.629266213254587],
 [200, 10, 0.01, 0.42630832893942505, 0.4349578426464092, 0.41750731942959285],
 [200, 10, 0.1, 0.43611083472867807, 0.45117379727631113, 0.4396644747151171],
 [200, 10, 1, 0.5052260963197043, 2.219131917139417, 0.5793565028730078],
 [200, 11, 0.01, 0.43015080115255094, 0.43264255126289564, 0.42737530298848153],
 [200, 11, 0.1, 0.43680008120581243, 0.45188318777397257, 0.4345522946637732],
 [200, 11, 1, 0.48817671581711225, 2.1045953804868853, 0.45876755231719035],
 [200, 12, 0.01, 0.42573953266098136, 0.434802127195555, 0.4277149971913642],
 [200, 12, 0.1, 0.43187533800412065, 0.4442830822647436, 0.43164958287892646],
 [200, 12, 1, 0.5581201330296139, 1.983092867454704, 0.4750529701221465],
 [200, 13, 0.01, 0.42886923410394645, 0.43340167757080944, 0.42940677090336066],
 [200, 13, 0.1, 0.4299533478135305, 0.44942808667064177, 0.4428362559548299],
 [200, 13, 1, 0.5489489694917612, 2.2491088359524474, 3.4751946211473714],
 [200, 14, 0.01, 0.42403482046985896, 0.4370409846241139, 0.4259506013816473],
 [200, 14, 0.1, 0.4410301348835123, 0.463770322500872, 0.4640755142397115],
 [200, 14, 1, 0.48154794269876583, 1.8118805978755745, 1.7541846434260207],
 [200, 15, 0.01, 0.436353862640559, 0.43281133100131414, 0.4288251278344771],
 [200, 15, 0.1, 0.43866146481639073, 0.44865649344387093, 0.45077876205457956],
 [200, 15, 1, 0.5730387439632, 2.733565944856552, 0.5602382349460228],
 [200, 16, 0.01, 0.43485282907895006, 0.4387387740953045, 0.4327269654110122],
 [200, 16, 0.1, 0.43509988850977344, 0.44874225386808975, 0.4292014670258435],
 [200, 16, 1, 0.5975943788216902, 1.5668466925613305, 0.44563377581812175],
 [200, 17, 0.01, 0.4274744654346459, 0.4399852604412354, 0.43362714585878176],
 [200, 17, 0.1, 0.4485271879404237, 0.44977914343643366, 0.45623159240326616],
 [200, 17, 1, 0.6755173328967814, 1.48461346485546, 1.9434756986864445],
 [200, 18, 0.01, 0.4330951932928402, 0.44034857165607455, 0.44542821814304556],
 [200, 18, 0.1, 0.4416259818195526, 0.4516367436753542, 0.4525966753021727],
 [200, 18, 1, 0.6941796775199834, 1.0687415916881533, 0.6294657082927712],
 [200, 19, 0.01, 0.4458253313322653, 0.4422099099466985, 0.4623808295459522],
 [200, 19, 0.1, 0.4548030277772012, 0.46904666413738666, 0.4505307732803617],
 [200, 19, 1, 0.6893416499738432, 1.5343312770488746, 0.7067662302134766],
 [200, 20, 0.01, 0.444809095882981, 0.44556400539732505, 0.4381351144715355],
 [200, 20, 0.1, 0.44814307771081713, 0.4640461509139001, 0.44921260391650353],
 [200, 20, 1, 0.73329972161043, 1.6424007750683924, 0.6298594632839822]]
