[[2, 1, 0.01, 0.3597776795957005, 0.5234240247274636, 0.49827333052249356],
 [2, 1, 0.1, 0.3602147708229616, 0.5401831376036272, 0.49861496656311355],
 [2, 1, 1, 0.9106883397746419, 1.4403718430441201, 5.149322139376687],
 [2, 2, 0.01, 0.3466788848438609, 0.5206221071212803, 0.4850729336910077],
 [2, 2, 0.1, 0.34857101674833885, 0.5260824572046331, 0.506907770438585],
 [2, 2, 1, 0.71220765532297, 1.5982670572664526, 0.6506103600093873],
 [2, 3, 0.01, 0.30612985196797404, 0.5276669397687498, 0.48296414759019374],
 [2, 3, 0.1, 0.2918857881024958, 0.536349761574171, 0.5256656761661263],
 [2, 3, 1, 0.716810897484264, 1.969545887329111, 6.453637206346459],
 [2, 4, 0.01, 0.3507116979747363, 0.5248285284494504, 0.49648417165626174],
 [2, 4, 0.1, 0.3512136290458479, 0.5517600779170446, 0.5257387823249459],
 [2, 4, 1, 0.9340758699381582, 1.3414297359414835, 1.4063426139271098],
 [2, 5, 0.01, 0.3478768025191231, 0.5299388879266131, 0.48644811765809975],
 [2, 5, 0.1, 0.3545920425273969, 0.5485477592509679, 0.4984740474272089],
 [2, 5, 1, 0.5399247775212149, 1.951641692103086, 0.6616796567622195],
 [2, 6, 0.01, 0.3253238232581871, 0.5227750798555865, 0.5025294140365437],
 [2, 6, 0.1, 0.31799560983537817, 0.5336245965040365, 0.5005465183477542],
 [2, 6, 1, 0.883184009407341, 1.9531955215380632, 4.806766013117307],
 [2, 7, 0.01, 0.29935726739098834, 0.5214169187375578, 0.485143445510831],
 [2, 7, 0.1, 0.29943733473052453, 0.5341363701245639, 0.4812108120099381],
 [2, 7, 1, 0.6554260894344617, 1.6717599196389359, 0.7514032876631247],
 [2, 8, 0.01, 0.31802636873530304, 0.5250225424416448, 0.4754999380793838],
 [2, 8, 0.1, 0.33466335989135443, 0.5313275941933435, 0.49247983370229464],
 [2, 8, 1, 0.7159880605364848, 2.1837146143568336, 6.152413953464036],
 [2, 9, 0.01, 0.310205685147945, 0.5243872435060494, 0.4879915529439988],
 [2, 9, 0.1, 0.33937008424064996, 0.5349180917158427, 0.49745554428154026],
 [2, 9, 1, 0.6892488665852186, 1.425036875317751, 0.476666573187523],
 [2, 10, 0.01, 0.3418729966699649, 0.520006112040224, 0.4793163153473831],
 [2, 10, 0.1, 0.2850846578340006, 0.5462647291657372, 0.4842903909433978],
 [2, 10, 1, 0.6889858391356237, 1.7445982003074654, 2.1329571566803263],
 [2, 11, 0.01, 0.3334267942990705, 0.5235369053131557, 0.46504901507067664],
 [2, 11, 0.1, 0.3370612662580056, 0.5368020976352145, 0.4650025495201327],
 [2, 11, 1, 0.650335986890711, 1.6399703476071847, 2.0598389315123584],
 [2, 12, 0.01, 0.25054566687681984, 0.5345943679517021, 0.4752562086398053],
 [2, 12, 0.1, 0.31026807001166595, 0.5209641756513694, 0.4798178972140108],
 [2, 12, 1, 0.594941789111669, 1.7288845936584594, 5.0239864346930245],
 [2, 13, 0.01, 0.3150261540482504, 0.5182280085566012, 0.5018835796435887],
 [2, 13, 0.1, 0.31546647889471013, 0.538504553385958, 0.4921256651910943],
 [2, 13, 1, 0.7087993228279124, 1.4827735627837348, 0.5176685741485567],
 [2, 14, 0.01, 0.32288726053609523, 0.5189019198052391, 0.47291490046615375],
 [2, 14, 0.1, 0.30857485995823936, 0.5269132941342353, 0.481680779466457],
 [2, 14, 1, 0.4903288668820112, 1.5212386330772216, 2.072055250582351],
 [2, 15, 0.01, 0.32059992656135994, 0.5266582041126737, 0.47367846720870793],
 [2, 15, 0.1, 0.27961851431269397, 0.5288952481380901, 0.48518571821241735],
 [2, 15, 1, 0.874724052828853, 1.3216811481334847, 0.5851736397811564],
 [2, 16, 0.01, 0.329736595684838, 0.5268867874705117, 0.49392474254884644],
 [2, 16, 0.1, 0.29298235840389325, 0.5380971685707145, 0.5015980364835522],
 [2, 16, 1, 0.845906162822861, 1.7045162901515518, 0.6479903232947776],
 [2, 17, 0.01, 0.3009060472470765, 0.5226274225956559, 0.457601174028287],
 [2, 17, 0.1, 0.3521995216597476, 0.5302391618585663, 0.470294129819645],
 [2, 17, 1, 0.67578872060115, 1.3514087195817714, 2.063668854978553],
 [2, 18, 0.01, 0.35615397371559454, 0.5188212078080137, 0.4808140283010652],
 [2, 18, 0.1, 0.2739779674981375, 0.5281258882370088, 0.5089935787840463],
 [2, 18, 1, 0.6348010240246534, 1.6744606587070718, 7.24138783456442],
 [2, 19, 0.01, 0.24617096816453235, 0.5135606331639522, 0.4687229865468459],
 [2, 19, 0.1, 0.3150133849189375, 0.5228043777120628, 0.48208552796173215],
 [2, 19, 1, 0.8455038521049907, 1.606726279714224, 0.9425585014274666],
 [2, 20, 0.01, 0.32605802783569826, 0.5207143125463166, 0.46232476635485564],
 [2, 20, 0.1, 0.3268607310952499, 0.527478154101409, 0.4854058073856076],
 [2, 20, 1, 0.9322546828993445, 1.7728818114221248, 0.5445630725094893],
 [5, 1, 0.01, 0.44196285463151624, 0.5105293453476741, 0.5034572577999372],
 [5, 1, 0.1, 0.43210086099263234, 0.5200953925376061, 0.5174121317484617],
 [5, 1, 1, 0.7983683202631073, 1.9266246017387452, 0.570753938987264],
 [5, 2, 0.01, 0.41706778618775336, 0.5109218189639351, 0.4965175000302264],
 [5, 2, 0.1, 0.418328368500085, 0.5183261542695293, 0.4960605354565751],
 [5, 2, 1, 0.954710672631955, 1.7173490202266175, 0.9786861610679043],
 [5, 3, 0.01, 0.46694344772956, 0.5111809172659736, 0.4957700862310476],
 [5, 3, 0.1, 0.47093654414803326, 0.5221801747666519, 0.5205054690961002],
 [5, 3, 1, 0.8235058613971572, 1.6150426992461346, 4.723468246755541],
 [5, 4, 0.01, 0.41031852262913615, 0.5048829854051882, 0.48942197710103896],
 [5, 4, 0.1, 0.4482104731843393, 0.523199852479978, 0.5085124200673948],
 [5, 4, 1, 0.910952300895044, 1.8048131652825503, 0.6470799520531303],
 [5, 5, 0.01, 0.42461074410484556, 0.5083870547417735, 0.5008934916646349],
 [5, 5, 0.1, 0.429420546552963, 0.5126140204372841, 0.5423121302082452],
 [5, 5, 1, 0.9128992208110072, 1.7973960363440442, 1.7367461020998958],
 [5, 6, 0.01, 0.3948611716014031, 0.5037454722716207, 0.4853043416574278],
 [5, 6, 0.1, 0.41090908132328513, 0.5170996929057127, 0.5301340929473002],
 [5, 6, 1, 0.7392821049892533, 1.6442320740678482, 1.4471000493115815],
 [5, 7, 0.01, 0.41763706222662944, 0.5009871154868119, 0.48306185458246714],
 [5, 7, 0.1, 0.39065652644177434, 0.5069698802732355, 0.4713817110500801],
 [5, 7, 1, 0.7821269514191725, 1.5826171561714415, 0.5675393226986618],
 [5, 8, 0.01, 0.40666276066930834, 0.4964678016040934, 0.4905277928773245],
 [5, 8, 0.1, 0.4081159623818301, 0.5146786886553264, 0.48589591923907993],
 [5, 8, 1, 0.7938746778427616, 1.4816626532178838, 0.859655582401619],
 [5, 9, 0.01, 0.39026525102747767, 0.499795264976159, 0.4737669256355988],
 [5, 9, 0.1, 0.39490612653249413, 0.5091050623841735, 0.48167016087079056],
 [5, 9, 1, 0.8015182317339395, 1.9261475269307062, 4.230410615603771],
 [5, 10, 0.01, 0.3964633009652311, 0.500759810990594, 0.48581503518827723],
 [5, 10, 0.1, 0.4083616122639117, 0.5068095526562921, 0.483947177114821],
 [5, 10, 1, 0.991339772173812, 1.8329100693212623, 3.6450349081859956],
 [5, 11, 0.01, 0.4030893616848627, 0.4961786390507063, 0.4788920246690953],
 [5, 11, 0.1, 0.42132065953884845, 0.49591558048654294, 0.5025762978043383],
 [5, 11, 1, 0.7178748886723291, 1.8552018701044597, 2.6051559788568666],
 [5, 12, 0.01, 0.4095502056622369, 0.4904397161390863, 0.46195432813475235],
 [5, 12, 0.1, 0.3782749045140724, 0.514564461921989, 0.5003619401631881],
 [5, 12, 1, 0.917825632498797, 1.9107505358137409, 5.232916072350944],
 [5, 13, 0.01, 0.39218503648018765, 0.4881302428224476, 0.4722852469536596],
 [5, 13, 0.1, 0.4119478949407009, 0.502546636855697, 0.46449579882408193],
 [5, 13, 1, 0.8627116398240091, 1.654190136737391, 2.114274859900926],
 [5, 14, 0.01, 0.3779716235115624, 0.4901871288459898, 0.45813883496342894],
 [5, 14, 0.1, 0.3872219056363757, 0.49928043563105917, 0.4672257760563525],
 [5, 14, 1, 0.8430126428960666, 1.739746336444754, 1.0766561118330795],
 [5, 15, 0.01, 0.38232861891094444, 0.48754147774572393, 0.4752381348453554],
 [5, 15, 0.1, 0.37368330370367553, 0.49743412899592415, 0.49303189930732166],
 [5, 15, 1, 0.7757967409593328, 1.328240705366191, 1.9496515399868708],
 [5, 16, 0.01, 0.3821656738079209, 0.49412834175140935, 0.4705689918754034],
 [5, 16, 0.1, 0.39341486061920916, 0.4919583922591041, 0.5227427719965031],
 [5, 16, 1, 0.9398795812827546, 1.7855046257412812, 1.7506757070496746],
 [5, 17, 0.01, 0.38375926704894264, 0.4811328736749995, 0.4564196847004957],
 [5, 17, 0.1, 0.37054990862501697, 0.4978340733917211, 0.505833399492064],
 [5, 17, 1, 0.8591560239011724, 1.7745187684481425, 0.4801117516887075],
 [5, 18, 0.01, 0.3814144376485104, 0.48703896083011583, 0.46114123122149236],
 [5, 18, 0.1, 0.42563417956503313, 0.4936745838684489, 0.46431680569844086],
 [5, 18, 1, 0.7321158035220674, 2.027773441170647, 0.6211391087379737],
 [5, 19, 0.01, 0.4153629338388181, 0.4937808397654973, 0.48364357880172154],
 [5, 19, 0.1, 0.42468770350022256, 0.4936603408666295, 0.48041327382654747],
 [5, 19, 1, 0.8448873581765484, 1.8141784827800465, 0.4630134160540488],
 [5, 20, 0.01, 0.40284573214989305, 0.4879458008374412, 0.47549078972149467],
 [5, 20, 0.1, 0.3665745580338068, 0.4963774283050861, 0.44526000046752134],
 [5, 20, 1, 0.6239834730549709, 1.7425569122659932, 1.4546260153642991],
 [10, 1, 0.01, 0.4919086882585729, 0.5051987547483989, 0.5015293447168554],
 [10, 1, 0.1, 0.45950141100029457, 0.5174345606051334, 0.503258645440997],
 [10, 1, 1, 1.1033773233170578, 1.4905771354080142, 1.0489860237312287],
 [10, 2, 0.01, 0.45353575698658305, 0.5075375301593614, 0.5090219494840029],
 [10, 2, 0.1, 0.49095847936605885, 0.5127282834433022, 0.4943819110097281],
 [10, 2, 1, 0.8637839175296302, 1.422800431761738, 0.8166522619133509],
 [10, 3, 0.01, 0.44650207206730863, 0.5024640544739575, 0.4929569498223982],
 [10, 3, 0.1, 0.47221446948753665, 0.5166430951515788, 0.5322856596778024],
 [10, 3, 1, 0.8810693662458945, 1.7483333711882068, 0.6297202332617358],
 [10, 4, 0.01, 0.4337849180847593, 0.49827832419794915, 0.47518317399888366],
 [10, 4, 0.1, 0.4467329076576334, 0.5117773225208836, 0.48842108311743104],
 [10, 4, 1, 0.8629010770030833, 1.417481962708432, 1.0179606176778195],
 [10, 5, 0.01, 0.427741845048183, 0.49683251174300624, 0.49460993271443693],
 [10, 5, 0.1, 0.4294008646617754, 0.5144540500441931, 0.49170795709383835],
 [10, 5, 1, 0.8972998188736291, 1.8696786645060117, 0.5369905613090645],
 [10, 6, 0.01, 0.4409344598585757, 0.4936730781650679, 0.4739704026746398],
 [10, 6, 0.1, 0.47173874631803003, 0.5074642011016899, 0.48555242068247456],
 [10, 6, 1, 0.8030519415936184, 1.3420143550750958, 1.3251808644840182],
 [10, 7, 0.01, 0.4385163589455898, 0.48896214926971765, 0.47532219317635566],
 [10, 7, 0.1, 0.4410725381002571, 0.4987101764742388, 0.5054892908478836],
 [10, 7, 1, 0.8703298007887451, 1.4005901732565222, 1.0102801439385267],
 [10, 8, 0.01, 0.43063107472651124, 0.49509359831714844, 0.4824658917977339],
 [10, 8, 0.1, 0.45418163565983727, 0.4942652525339332, 0.48222265667373504],
 [10, 8, 1, 0.8876656370457909, 1.3558631378471697, 3.451737516706698],
 [10, 9, 0.01, 0.4595625379456105, 0.48241568799930035, 0.49064767088347433],
 [10, 9, 0.1, 0.4276329518599588, 0.4955007014110235, 0.4805245646309275],
 [10, 9, 1, 0.8653477032181184, 1.981978180165764, 0.604233468851135],
 [10, 10, 0.01, 0.4500691664200267, 0.48598768910598594, 0.48509438270357746],
 [10, 10, 0.1, 0.44210945495871895, 0.5025680608941185, 0.4969180514723323],
 [10, 10, 1, 1.1041316287963387, 1.6471014317868489, 0.6849216968044693],
 [10, 11, 0.01, 0.4280448196295636, 0.4888366129504636, 0.47193964785014003],
 [10, 11, 0.1, 0.4448247768894752, 0.4972575573856174, 0.48897517993743006],
 [10, 11, 1, 0.7610113728221808, 1.204786892803505, 3.9941817415417535],
 [10, 12, 0.01, 0.43326803970411176, 0.4835967485669228, 0.4777583045994939],
 [10, 12, 0.1, 0.4357164461220976, 0.493738277922339, 0.46665405481005623],
 [10, 12, 1, 0.7934915732956292, 1.8363153701635306, 0.5934465344627843],
 [10, 13, 0.01, 0.41370290899851747, 0.4782125663799483, 0.47018932955151604],
 [10, 13, 0.1, 0.44780629281663537, 0.4920855768851347, 0.4824237484250657],
 [10, 13, 1, 0.9637350141936106, 1.8786412577123566, 0.795430990998962],
 [10, 14, 0.01, 0.4217739903982571, 0.4817721844902961, 0.44336485781675256],
 [10, 14, 0.1, 0.40849685121272467, 0.4873728504436307, 0.4604006764367572],
 [10, 14, 1, 0.604393689015048, 1.288995080134496, 0.4991619772646483],
 [10, 15, 0.01, 0.4281127684611242, 0.47623076706053696, 0.4651598869779019],
 [10, 15, 0.1, 0.42943517026736744, 0.49270604071162744, 0.49258125686393084],
 [10, 15, 1, 0.7564418491667881, 1.590391432113145, 1.3694338026210688],
 [10, 16, 0.01, 0.42765621629534406, 0.48152018291690724, 0.48082259134016886],
 [10, 16, 0.1, 0.3870190816602831, 0.4886502106457957, 0.4612405967526547],
 [10, 16, 1, 0.7198091126969759, 1.3859446987680861, 0.9439855308184603],
 [10, 17, 0.01, 0.41135969539062034, 0.47511882432624153, 0.4697135528874629],
 [10, 17, 0.1, 0.4134777942719504, 0.4865244308587025, 0.44299233604879795],
 [10, 17, 1, 1.0075466234072419, 1.7634970370521124, 0.5319778238195764],
 [10, 18, 0.01, 0.3959736140203944, 0.4779936619435671, 0.4694632798292441],
 [10, 18, 0.1, 0.41868764426851357, 0.48569518468177897, 0.45490713542852224],
 [10, 18, 1, 0.705334318028854, 1.4766579887749283, 0.8216125151058732],
 [10, 19, 0.01, 0.40603150465213067, 0.47832096626308, 0.4671042827993755],
 [10, 19, 0.1, 0.4340984784949666, 0.4898468268845066, 0.4765616114363711],
 [10, 19, 1, 0.8423153926743523, 1.2852897509308667, 1.132051666984808],
 [10, 20, 0.01, 0.4122295319710984, 0.4798074112360271, 0.46186908642719354],
 [10, 20, 0.1, 0.41256380549938215, 0.4872812840719265, 0.4578386976268034],
 [10, 20, 1, 0.6753709825895133, 1.6208230829708032, 0.4800989214410045],
 [20, 1, 0.01, 0.4667454058282101, 0.5036295795317356, 0.5026171335955489],
 [20, 1, 0.1, 0.48271548258650354, 0.5083722724849428, 0.4902547754883307],
 [20, 1, 1, 0.9205616843862869, 1.3305710213225685, 2.1284407100169034],
 [20, 2, 0.01, 0.4673156634786946, 0.5018361037138154, 0.4930068674560199],
 [20, 2, 0.1, 0.4943591527974881, 0.5119602223331402, 0.4966866443702924],
 [20, 2, 1, 0.8692452256814852, 1.6651774987190076, 1.4343462805654548],
 [20, 3, 0.01, 0.47745689957004145, 0.4961888115637989, 0.5104081263723707],
 [20, 3, 0.1, 0.4837452593656792, 0.5069381871137161, 0.4996314379758438],
 [20, 3, 1, 0.8754727260015608, 1.2925952562059413, 0.7326707560342661],
 [20, 4, 0.01, 0.46135535349680223, 0.4950139869700442, 0.5006350479502617],
 [20, 4, 0.1, 0.460711681221538, 0.5074172292439658, 0.5030991167929759],
 [20, 4, 1, 0.8557966044932778, 1.7940614473037348, 0.5904388830725038],
 [20, 5, 0.01, 0.47792426746752403, 0.4930417155671116, 0.4893495967911813],
 [20, 5, 0.1, 0.49600559257592836, 0.49616479346908676, 0.5353163400287597],
 [20, 5, 1, 0.8890361524868914, 1.8351468389754053, 1.2245620304536617],
 [20, 6, 0.01, 0.46831572248063247, 0.49069309564719027, 0.4769186737948064],
 [20, 6, 0.1, 0.4757375361668925, 0.5046967309962889, 0.4831302645292946],
 [20, 6, 1, 0.96528223230232, 1.8577184121802677, 0.9143294218276633],
 [20, 7, 0.01, 0.4522328445851702, 0.4882554564694002, 0.4886899030756729],
 [20, 7, 0.1, 0.46811960907743455, 0.4984961932388714, 0.49716916317900506],
 [20, 7, 1, 0.8128868150823599, 1.2097069606585, 0.4896245174109457],
 [20, 8, 0.01, 0.4529286562310142, 0.48444329602609437, 0.48193268184079135],
 [20, 8, 0.1, 0.4712131373210976, 0.4958035070817929, 0.4810090802308639],
 [20, 8, 1, 0.8565102699183959, 1.1816983395947986, 1.3809312982006785],
 [20, 9, 0.01, 0.4622638289471812, 0.4840932375353194, 0.46923516817844313],
 [20, 9, 0.1, 0.47070221441488114, 0.4929537410776888, 0.4870907463409868],
 [20, 9, 1, 0.9094324240932552, 1.450490344456324, 0.4865507155679232],
 [20, 10, 0.01, 0.45811276110490273, 0.4834020203930931, 0.48739001222397044],
 [20, 10, 0.1, 0.46037993989605985, 0.4957106242719522, 0.48451511778288403],
 [20, 10, 1, 0.9005926373501627, 1.7568671256832125, 5.268328736124933],
 [20, 11, 0.01, 0.4617265658872244, 0.4819606659665005, 0.48792461834957557],
 [20, 11, 0.1, 0.4371233537785054, 0.49020684750852594, 0.47317161436418803],
 [20, 11, 1, 0.858805341540809, 1.7213279263781212, 0.5112767906912479],
 [20, 12, 0.01, 0.45383264979909976, 0.47686483708443284, 0.45556413399309786],
 [20, 12, 0.1, 0.4685241162719182, 0.48082495728039043, 0.4924192640049589],
 [20, 12, 1, 0.8117218088633915, 1.6733317177104619, 0.45371099916845353],
 [20, 13, 0.01, 0.47154342641523855, 0.4762886289230881, 0.4893859429361197],
 [20, 13, 0.1, 0.47974156062567624, 0.4897328428500442, 0.48808674031008886],
 [20, 13, 1, 0.9106653010032235, 1.7054212907117539, 0.46588635555113617],
 [20, 14, 0.01, 0.44982911017144483, 0.4738982066595645, 0.4579889628373345],
 [20, 14, 0.1, 0.45634999829009687, 0.48670990374006656, 0.4864374455205626],
 [20, 14, 1, 1.0482484926793136, 1.4729286865325335, 1.0379499579689886],
 [20, 15, 0.01, 0.44012229686894166, 0.47474055993596204, 0.4601296117631496],
 [20, 15, 0.1, 0.436114962661515, 0.4929529945006025, 0.4836474510632931],
 [20, 15, 1, 0.9464806664506491, 2.187173126287694, 2.7032454862988864],
 [20, 16, 0.01, 0.44939702525954495, 0.4749159525574526, 0.46814356889611924],
 [20, 16, 0.1, 0.4442608743665992, 0.49001403101333435, 0.46691893003598245],
 [20, 16, 1, 0.9874885243622116, 1.3472390827077043, 0.6104929227275097],
 [20, 17, 0.01, 0.43281141160252057, 0.4706963121795068, 0.4699436577485683],
 [20, 17, 0.1, 0.43829177195212987, 0.4784482574072458, 0.47538069033934105],
 [20, 17, 1, 0.8708763680562527, 1.7265010624431576, 1.854390330294426],
 [20, 18, 0.01, 0.45752993309858553, 0.46902070777269755, 0.46008219279695106],
 [20, 18, 0.1, 0.4366463368464615, 0.4786135258356375, 0.47085838964411575],
 [20, 18, 1, 0.8014052543017195, 1.2634821183832199, 0.46004667167582974],
 [20, 19, 0.01, 0.44538636444395985, 0.47021028249781543, 0.46424994710920814],
 [20, 19, 0.1, 0.45837407614359427, 0.4814326036299967, 0.46301437982163884],
 [20, 19, 1, 0.8549545491666555, 1.8411465753910634, 1.6275263210116524],
 [20, 20, 0.01, 0.43011046337475817, 0.46687025957292483, 0.4645242915292731],
 [20, 20, 0.1, 0.45728176928111675, 0.4728777293696125, 0.46819984152170896],
 [20, 20, 1, 0.9337614264604928, 1.7335499551198392, 1.0204711167021854],
 [50, 1, 0.01, 0.5088667554013014, 0.49896727607817615, 0.4966841010730054],
 [50, 1, 0.1, 0.49427992878617566, 0.5104801690112503, 0.510201667373637],
 [50, 1, 1, 0.9374874018298779, 1.8464939306215684, 1.377922974442308],
 [50, 2, 0.01, 0.498022009040586, 0.49947631058221703, 0.4871564552491791],
 [50, 2, 0.1, 0.49448466233585525, 0.5122461553206824, 0.49217739560008156],
 [50, 2, 1, 0.9408154360458367, 1.3929614096450496, 0.7959238598979618],
 [50, 3, 0.01, 0.4956979136164352, 0.49928970858883986, 0.4910794735715359],
 [50, 3, 0.1, 0.491723511400787, 0.5078240250344128, 0.5082701880134014],
 [50, 3, 1, 0.8034981141217641, 1.3103019532486844, 2.240625722964143],
 [50, 4, 0.01, 0.48887506907309036, 0.49567613782731657, 0.503698839908813],
 [50, 4, 0.1, 0.49302605014644135, 0.5042894204444189, 0.49939936741773683],
 [50, 4, 1, 0.889292404044049, 1.5579685724695274, 0.697818456537029],
 [50, 5, 0.01, 0.4922827458034804, 0.49225426112360304, 0.4922502111305938],
 [50, 5, 0.1, 0.48281793292318353, 0.5008637803341871, 0.49198792361808014],
 [50, 5, 1, 0.9108910953237279, 1.7382878289009034, 0.6481797743235533],
 [50, 6, 0.01, 0.4885690079742465, 0.4875260586592964, 0.48579857603770776],
 [50, 6, 0.1, 0.4862813702154403, 0.5002867955910052, 0.48686942499030134],
 [50, 6, 1, 1.0535355928768646, 1.8254544873111995, 1.0431466415303994],
 [50, 7, 0.01, 0.47096269315789635, 0.4824075954440883, 0.4859819366164632],
 [50, 7, 0.1, 0.481510376021358, 0.49942640595200977, 0.47504270293718265],
 [50, 7, 1, 0.9614856284382075, 1.5836539043376892, 2.1717012095320207],
 [50, 8, 0.01, 0.472660380050406, 0.4805303562505827, 0.4922484072203541],
 [50, 8, 0.1, 0.4877142077615705, 0.49033994168204287, 0.48605345005654044],
 [50, 8, 1, 0.8613173579481826, 1.7128489182899758, 2.8114507080077047],
 [50, 9, 0.01, 0.465322415432732, 0.478044302037592, 0.4746903777781134],
 [50, 9, 0.1, 0.4698211192924821, 0.4946426957168492, 0.5180373328926912],
 [50, 9, 1, 0.8724639146188276, 1.9210794968874967, 0.4943562718972705],
 [50, 10, 0.01, 0.4709094938587045, 0.47952351308157964, 0.4800543036638759],
 [50, 10, 0.1, 0.4791501203659916, 0.4903478331023459, 0.46044196129233067],
 [50, 10, 1, 0.9132064123049721, 1.4148864912493828, 0.6437570293673396],
 [50, 11, 0.01, 0.46222464581332123, 0.4741675720932283, 0.4627386243193763],
 [50, 11, 0.1, 0.46544024693880215, 0.48236249473019127, 0.4756819056851705],
 [50, 11, 1, 1.0994739918707024, 1.596330747465405, 3.2681083191261604],
 [50, 12, 0.01, 0.4649544624443554, 0.4766099247358847, 0.47924293778793003],
 [50, 12, 0.1, 0.45997956253084893, 0.4839068204008901, 0.4859378651892026],
 [50, 12, 1, 0.8730974777149119, 1.321801990533132, 5.564879224769797],
 [50, 13, 0.01, 0.4509420069187348, 0.47258890694167555, 0.48427084283318966],
 [50, 13, 0.1, 0.47172252760282807, 0.4805665219592376, 0.5008921803165425],
 [50, 13, 1, 0.8043400140882732, 1.654095445064978, 4.975827921743819],
 [50, 14, 0.01, 0.47353897002639433, 0.4694788353994215, 0.4713963959175607],
 [50, 14, 0.1, 0.47131347815393726, 0.48321566305129443, 0.5004737414562818],
 [50, 14, 1, 0.8997022878622757, 1.3749389080046726, 2.929915906806931],
 [50, 15, 0.01, 0.456774863091424, 0.47197219732746076, 0.46552247573062755],
 [50, 15, 0.1, 0.4616257037743645, 0.48639585532921026, 0.5046992847934308],
 [50, 15, 1, 0.8124772620675829, 1.4959133848223345, 1.9107760113084518],
 [50, 16, 0.01, 0.45163197091519103, 0.46565575654264846, 0.4715254041967214],
 [50, 16, 0.1, 0.4547139083157441, 0.4860534731643959, 0.4654409737513361],
 [50, 16, 1, 0.8084409759998441, 1.4184516165314343, 2.336393948644438],
 [50, 17, 0.01, 0.46678990893939953, 0.46850127923719675, 0.46929551308024514],
 [50, 17, 0.1, 0.46940877128463543, 0.48444838812323954, 0.4744662234577841],
 [50, 17, 1, 0.8561990887463844, 1.9110516049536574, 0.6146211526158614],
 [50, 18, 0.01, 0.450395937840954, 0.463873933738252, 0.46974880086000464],
 [50, 18, 0.1, 0.4556520188845477, 0.4790216300116784, 0.4633291853890316],
 [50, 18, 1, 0.8374927875290527, 1.4273743550234854, 0.4673010016753744],
 [50, 19, 0.01, 0.44611599431646687, 0.46441824019482736, 0.46779490972551174],
 [50, 19, 0.1, 0.46299336379286726, 0.4733269103976984, 0.4625729655449685],
 [50, 19, 1, 0.8724245064184558, 1.4603608434083002, 0.5110569920651372],
 [50, 20, 0.01, 0.4709908342840936, 0.4662514414286852, 0.47859191565855586],
 [50, 20, 0.1, 0.45487723177435085, 0.47886202809893286, 0.46445846512431116],
 [50, 20, 1, 0.8518644696666736, 1.7489081450262598, 1.1709867492789954],
 [100, 1, 0.01, 0.5051339425177757, 0.4979429001447274, 0.5045649780726505],
 [100, 1, 0.1, 0.5020561969452614, 0.5112096238328097, 0.489620395516858],
 [100, 1, 1, 1.0757492838300589, 1.486064891800406, 1.5857432603461956],
 [100, 2, 0.01, 0.506776585652153, 0.501113145521644, 0.49573262867049783],
 [100, 2, 0.1, 0.5090464941282711, 0.5116128813748123, 0.5361840726141559],
 [100, 2, 1, 0.8976951572011339, 1.5802265982312576, 1.1804119697545599],
 [100, 3, 0.01, 0.49887189222277123, 0.4969811701036786, 0.4945882950681497],
 [100, 3, 0.1, 0.4955229218481033, 0.5068040675162192, 0.5038965537362329],
 [100, 3, 1, 0.7166353707847287, 1.4473746398523795, 0.6736023374122403],
 [100, 4, 0.01, 0.48728497026262646, 0.49471877534537056, 0.4926050885790653],
 [100, 4, 0.1, 0.49414800989718055, 0.5025482821721261, 0.5127161211895873],
 [100, 4, 1, 0.8849209754898739, 1.723346855083081, 1.1927828899499755],
 [100, 5, 0.01, 0.49039050216034163, 0.490268392977291, 0.48418120596691167],
 [100, 5, 0.1, 0.49079438400307024, 0.5030326336182985, 0.4912089579555208],
 [100, 5, 1, 0.9150011930185441, 1.3778479828599932, 1.068841589999892],
 [100, 6, 0.01, 0.479368014387886, 0.4871580891658906, 0.49710072697946694],
 [100, 6, 0.1, 0.47961429600964356, 0.498784766336021, 0.4823199041495433],
 [100, 6, 1, 0.8600251517003656, 1.6853106242615559, 1.631400111750307],
 [100, 7, 0.01, 0.4818508893146714, 0.4802858515158044, 0.47521945551651057],
 [100, 7, 0.1, 0.4872940048927818, 0.494727946837541, 0.4964971808779666],
 [100, 7, 1, 0.9945382800847979, 1.5938631651082757, 0.7779029047285205],
 [100, 8, 0.01, 0.4694830668790953, 0.48284038328413004, 0.4878298521132224],
 [100, 8, 0.1, 0.48593730000085783, 0.4894885836543944, 0.49455781612865957],
 [100, 8, 1, 0.8788970047441613, 1.4286861641520059, 2.5646293365266066],
 [100, 9, 0.01, 0.47098530716510106, 0.47919262126378603, 0.4911899598325834],
 [100, 9, 0.1, 0.48436241512394207, 0.4849245747004962, 0.49922548348829016],
 [100, 9, 1, 0.9792487666298153, 1.3503454614648018, 0.47475392106202674],
 [100, 10, 0.01, 0.4805162035165754, 0.4751465427841061, 0.4665675947832166],
 [100, 10, 0.1, 0.4708787667073018, 0.48709324827545347, 0.47317384694894404],
 [100, 10, 1, 0.8995591362512707, 1.5128364010529263, 0.7149038984640613],
 [100, 11, 0.01, 0.4757068000142951, 0.4761604965839778, 0.4743051946323386],
 [100, 11, 0.1, 0.4666237505899736, 0.4866244845311668, 0.46009975616491744],
 [100, 11, 1, 0.847461008007999, 1.3316026172720443, 3.0814191593043185],
 [100, 12, 0.01, 0.4667365550319301, 0.4738462716552954, 0.4887879524782797],
 [100, 12, 0.1, 0.46653908205477385, 0.4830204973342056, 0.4866404748968258],
 [100, 12, 1, 0.8982281761475783, 1.5191398004635601, 0.5441055663264673],
 [100, 13, 0.01, 0.4685342516391365, 0.47019205812120923, 0.4753266885270282],
 [100, 13, 0.1, 0.4725673620917459, 0.4799432213525207, 0.4695748683113779],
 [100, 13, 1, 0.8081476324389325, 1.7015745647465605, 1.313343338843822],
 [100, 14, 0.01, 0.46347930599238113, 0.4695296675258103, 0.4675958120573714],
 [100, 14, 0.1, 0.4650609162088102, 0.47817080901669384, 0.4982285985737508],
 [100, 14, 1, 0.9182926618790733, 1.5709690961847012, 0.4710789408113297],
 [100, 15, 0.01, 0.4572797123152511, 0.4681142581452656, 0.4753815682754113],
 [100, 15, 0.1, 0.4582439786622401, 0.4802357611054009, 0.5010426427863917],
 [100, 15, 1, 1.0007015039737175, 1.9362226780223544, 0.6074621320988208],
 [100, 16, 0.01, 0.4569237969018346, 0.4684046700460583, 0.46478594461137385],
 [100, 16, 0.1, 0.4652900515907338, 0.48041638654873364, 0.46936644119771687],
 [100, 16, 1, 1.00638476346092, 1.662308241108559, 1.121150980635968],
 [100, 17, 0.01, 0.4635564609845318, 0.46851665888125815, 0.4719999153207723],
 [100, 17, 0.1, 0.4596557297756022, 0.4747582880923805, 0.4670879522415952],
 [100, 17, 1, 0.8903384771431672, 1.2608515799431206, 0.4968512261741216],
 [100, 18, 0.01, 0.4605489629656756, 0.4654721545916758, 0.4703972532425578],
 [100, 18, 0.1, 0.4667843260431607, 0.4782739179437692, 0.5079794836581577],
 [100, 18, 1, 0.8802959433850331, 1.3592994784995849, 0.48448539548007674],
 [100, 19, 0.01, 0.45288457467842, 0.4674620272557755, 0.45562457906976245],
 [100, 19, 0.1, 0.4643288185412499, 0.4758200788353315, 0.4675513085695122],
 [100, 19, 1, 0.7650181304104714, 1.7390904196046706, 0.8865974238064871],
 [100, 20, 0.01, 0.4701732144064314, 0.4655819216661914, 0.46915356183794393],
 [100, 20, 0.1, 0.47034147975925245, 0.47710366505438373, 0.48951938207182755],
 [100, 20, 1, 0.8299742677653826, 1.5595233519219862, 1.8328592643091448],
 [200, 1, 0.01, 0.49931998734830474, 0.5003687721760941, 0.49610077399690067],
 [200, 1, 0.1, 0.5023970600893154, 0.5089625923926677, 0.5012384703227195],
 [200, 1, 1, 0.8544417538488713, 1.6498904342716159, 0.6125300970776054],
 [200, 2, 0.01, 0.49697771042890165, 0.49969779663506325, 0.48442709748960217],
 [200, 2, 0.1, 0.5004578172858716, 0.5087536067388774, 0.49562282605983654],
 [200, 2, 1, 0.7865000714232023, 1.6496431204184427, 0.5401130251554354],
 [200, 3, 0.01, 0.49311772989424396, 0.4970881401017828, 0.4973715622565024],
 [200, 3, 0.1, 0.49180830341965853, 0.5048102705846016, 0.4966740426416936],
 [200, 3, 1, 0.9729941722088091, 1.6798021637021252, 2.6729615098885966],
 [200, 4, 0.01, 0.4873083949359502, 0.4905054259002794, 0.5035050431148523],
 [200, 4, 0.1, 0.49452948708434674, 0.5071282739351975, 0.4983941152873857],
 [200, 4, 1, 1.0893932453945308, 1.3472976400030177, 0.5098536373517595],
 [200, 5, 0.01, 0.48701687608285477, 0.49121185345347274, 0.47842389217105313],
 [200, 5, 0.1, 0.4937373076565538, 0.5002143835400803, 0.5061591411939901],
 [200, 5, 1, 0.9270139412990019, 1.6633463234304742, 1.140633064555148],
 [200, 6, 0.01, 0.4835132109222798, 0.48453940520029304, 0.47575833827927355],
 [200, 6, 0.1, 0.492794685284791, 0.4956256613231118, 0.492277123401014],
 [200, 6, 1, 0.8269814250264581, 1.2805174106396089, 1.8579549284013546],
 [200, 7, 0.01, 0.482303237835651, 0.48335986248858376, 0.48558898054022653],
 [200, 7, 0.1, 0.4872673403688625, 0.49272478543043763, 0.5037341319828023],
 [200, 7, 1, 0.7637036939515011, 1.66070398287689, 0.5032199808685487],
 [200, 8, 0.01, 0.4763705115111868, 0.4802321883797485, 0.46842231436789405],
 [200, 8, 0.1, 0.484642934422203, 0.491717999060101, 0.4815508134764055],
 [200, 8, 1, 0.9412379214415045, 1.7897052486548624, 5.675378224562026],
 [200, 9, 0.01, 0.4725900014985605, 0.47723322932025625, 0.4759041398232355],
 [200, 9, 0.1, 0.4741549280696865, 0.4880175918245678, 0.4809990386542409],
 [200, 9, 1, 0.9949928169771557, 1.2967471748291823, 0.6302987470365858],
 [200, 10, 0.01, 0.4722924681759384, 0.47518839517809247, 0.4619124279705309],
 [200, 10, 0.1, 0.4807420949614205, 0.4840078634310819, 0.4707824848043931],
 [200, 10, 1, 0.912746302315683, 1.7553610797356751, 3.010179943759667],
 [200, 11, 0.01, 0.47101907749080646, 0.47407434558574246, 0.4751816567187599],
 [200, 11, 0.1, 0.4780221109438343, 0.4822163060129357, 0.48465500342806206],
 [200, 11, 1, 1.04370652206637, 1.4995727093281817, 0.5132710969321322],
 [200, 12, 0.01, 0.4700012868084503, 0.47063127334562976, 0.47340089533777696],
 [200, 12, 0.1, 0.4766445856199118, 0.48240130625026084, 0.49157645704585595],
 [200, 12, 1, 0.90232856022717, 1.9698361570294114, 0.6829606932061062],
 [200, 13, 0.01, 0.46856568129006826, 0.47065878414123125, 0.477463731215205],
 [200, 13, 0.1, 0.474734441854708, 0.477883954921758, 0.47130589206117246],
 [200, 13, 1, 0.9914582446847682, 1.9621770596530324, 2.1997723457392513],
 [200, 14, 0.01, 0.46559601411754836, 0.4681069107516471, 0.4681401498446603],
 [200, 14, 0.1, 0.46931719572702824, 0.48288429465579547, 0.47608742361342765],
 [200, 14, 1, 0.960799037301126, 1.1280558478462417, 0.5789466248974124],
 [200, 15, 0.01, 0.46808339588458003, 0.4673010747973606, 0.46473299149941305],
 [200, 15, 0.1, 0.46750649224316443, 0.47739181872515135, 0.4909267417942612],
 [200, 15, 1, 0.902895264280353, 1.4779730560476665, 4.007842470839597],
 [200, 16, 0.01, 0.4625164563328525, 0.4677891196832685, 0.4811376971814577],
 [200, 16, 0.1, 0.4721998657157019, 0.4772938727524926, 0.4963854566993507],
 [200, 16, 1, 0.8863966366781634, 1.5878630753285188, 0.6919317832359566],
 [200, 17, 0.01, 0.46526649140732085, 0.4669270224201266, 0.478731132406598],
 [200, 17, 0.1, 0.4670002872076686, 0.47784997878859253, 0.4659331498595009],
 [200, 17, 1, 0.8842057072767351, 1.5534965294173757, 0.4756710978018115],
 [200, 18, 0.01, 0.4654803721873579, 0.46620785424539496, 0.464476123857097],
 [200, 18, 0.1, 0.4655365623611693, 0.4778273298988184, 0.45906977948130906],
 [200, 18, 1, 0.8119152779327403, 1.4618297653001435, 1.1702263718771329],
 [200, 19, 0.01, 0.45712286501102706, 0.4646280735133862, 0.4632047128793927],
 [200, 19, 0.1, 0.4612047227133448, 0.4752222745083403, 0.4548129163100922],
 [200, 19, 1, 0.788400758040771, 1.3055188678106402, 3.1444582268804004],
 [200, 20, 0.01, 0.4655207487764306, 0.4626297768441569, 0.46416217313997815],
 [200, 20, 0.1, 0.45652855092733163, 0.47405262682122723, 0.4610274941956958],
 [200, 20, 1, 0.87500306589322, 1.6099975305601189, 0.7510095774983763]]
