[[2, 0, 0.01, 0.0015654295062461478, 1.3598746377415623, 1.4945764943995545],
 [2, 0, 0.1, 0.002443597289867076, 1.1367656350248727, 1.3068966086053453],
 [2, 0, 1, 0.00199328392816955, 5.184683631721013, 3.6771271479043732],
 [2, 1, 0.01, 1.9271439661442208e-05, 0.7422978481751719, 14.072806282084075],
 [2, 1, 0.1, 0.003936714406726459, 1.9810555227924653, 65.47612333080511],
 [2, 1, 1, 1.6165424969536017e-06, 2.297170608139985, 26.505099397210365],
 [2, 2, 0.01, 0.0012433720761544035, 0.8161775342521398, 1.0950284069115614],
 [2, 2, 0.1, 1.0732079896380546e-10, 0.7569980016474896, 2.2206295039118404],
 [2, 2, 1, 3.112547924711766e-22, 0.5486669227900289, 6.68184955064171],
 [2, 3, 0.01, 4.882271139614201e-06, 4.41901254510846, 10.29957453255766],
 [2, 3, 0.1, 1.9066710019730808e-06, 1.6590467311683779, 4.472099194187275],
 [2, 3, 1, 0.036206324544770546, 2.9725520118129083, 16.721092311122284],
 [2, 4, 0.01, 9.317247684962605e-09, 1.0321718685314785, 1.119481855255234],
 [2, 4, 0.1, 2.3028047059915646e-12, 0.497551087304703, 0.9029129594217724],
 [2, 4, 1, 8.092279507525534e-08, 1.0383797061326108, 3.274465783232077],
 [2, 5, 0.01, 5.347163177879751e-15, 0.9342954978624843, 1.1514975269270589],
 [2, 5, 0.1, 2.9613082289398553e-16, 0.9667981056927051, 1.3251717761713573],
 [2, 5, 1, 0.05209911174831264, 2.846853929228756, 6.127177474936262],
 [2, 6, 0.01, 0.05812292744294688, 2.5906997401241694, 2.5372978553823864],
 [2, 6, 0.1, 0.013911703089127255, 0.6299187621073815, 0.6790255241147746],
 [2, 6, 1, 1.33537654633251e-05, 8.051959676965206, 5.773550979852759],
 [2, 7, 0.01, 3.6634229587110984e-24, 1.0656437071481901, 1.1205998106926607],
 [2, 7, 0.1, 0.00034584811683989377, 1.1821947782259383, 1.4731569506934927],
 [2, 7, 1, 3.32122727056012e-05, 0.395409138751832, 0.5833131490054081],
 [2, 8, 0.01, 1.3189483597986399e-09, 1.0742868852917984, 1.1969137408769621],
 [2, 8, 0.1, 2.5303907569183667e-20, 0.3447057582694013, 0.37276267877178704],
 [2, 8, 1, 3.826095752211636e-09, 1.4321512267712875, 1.1208478848410603],
 [2, 9, 0.01, 0.008224011517586557, 0.8370531564935497, 0.7807763416404278],
 [2, 9, 0.1, 0.0020944238508481226, 1.001542209421531, 1.0298722528013498],
 [2, 9, 1, 4.992010415851715e-31, 0.5674008282520978, 3.31099150686725],
 [2, 10, 0.01, 3.096193797750222e-15, 0.807172216527797, 0.8442260443256101],
 [2, 10, 0.1, 0.0005147446412574883, 1.1879566095197893, 1.5655157654059382],
 [2, 10, 1, 1.0279576871007593e-22, 3.7097159423273394, 4.797491550297823],
 [2, 11, 0.01, 0.009874613493156829, 4.235469105989722, 3.916698209898493],
 [2, 11, 0.1, 0.03810297683986372, 1.580199782870088, 1.6297463904724119],
 [2, 11, 1, 0.002435430775479765, 2.2080774859161707, 10.969373526750731],
 [2, 12, 0.01, 0.00015732750701884885, 0.8225417962698152, 0.899356199154032],
 [2, 12, 0.1, 1.5395113603453809e-29, 1.0174796505796033, 1.206156864782076],
 [2, 12, 1, 2.446680262342475e-25, 0.5687848361471498, 7.543006150792269],
 [2, 13, 0.01, 1.0879992272000143e-07, 0.5849006627607956, 0.5440750550758366],
 [2, 13, 0.1, 3.176825232330264e-10, 1.0618227832697023, 1.11093649445626],
 [2, 13, 1, 0.00021346122858124307, 5.837868019182803, 5.0399971034326265],
 [2, 14, 0.01, 7.510961471386452e-20, 0.4381095361146559, 0.4382143569038304],
 [2, 14, 0.1, 1.5274146762939787e-06, 1.2655898214556338, 1.1311528441846108],
 [2, 14, 1, 0.00017296156311814647, 14.424384087825391, 0.746009301685441],
 [2, 15, 0.01, 9.06786043297365e-06, 1.6907195731899365, 1.5947894320915526],
 [2, 15, 0.1, 2.9787759167902066e-12, 0.857772529300592, 0.7868866997158094],
 [2, 15, 1, 0.00029828487871788416, 0.7985753476886546, 1.553488841974721],
 [2, 16, 0.01, 7.549645381997965e-32, 0.6619923735471401, 0.6761540794517986],
 [2, 16, 0.1, 6.692435942560028e-22, 0.39831418191406087, 0.43604530504932293],
 [2, 16, 1, 1.814593238015133e-05, 5.24970654015487, 6.374399987817125],
 [2, 17, 0.01, 9.879883749533483e-21, 1.0517331905142084, 1.160274141178601],
 [2, 17, 0.1, 1.6345199171896824e-05, 3.939747942495552, 3.832425588547639],
 [2, 17, 1, 6.721256103690661e-05, 15.660766257108698, 15.181208383281461],
 [2, 18, 0.01, 2.5818119188408945e-08, 3.620456347632677, 3.6820719930414727],
 [2, 18, 0.1, 1.2280587496685075e-23, 0.5846086088562749, 0.5141892503890066],
 [2, 18, 1, 2.0590081404503958e-05, 5.532049566102961, 0.8927145375701626],
 [2, 19, 0.01, 0.0007947125675102096, 8.81034322757612, 8.09919921143977],
 [2, 19, 0.1, 3.748115465413569e-05, 0.8292235276723184, 0.8117034759114352],
 [2, 19, 1, 3.090872936264183e-08, 0.7855654493979595, 0.6199809658371827],
 [2, 20, 0.01, 2.6795047315391625e-26, 0.5929892048388471, 0.572938413007399],
 [2, 20, 0.1, 2.7351746955522455e-05, 5.256048647398923, 4.966448782082775],
 [2, 20, 1, 1.996804166340686e-30, 1.4804129851706358, 2.7886566765697354],
 [5, 0, 0.01, 0.3812867581772376, 0.5513393016484516, 0.5409896890942465],
 [5, 0, 0.1, 0.551143430468465, 0.5189613884925618, 0.5603363435615442],
 [5, 0, 1, 0.432806676539609, 0.9101598975493765, 0.7801360771532474],
 [5, 1, 0.01, 0.31736741834903115, 0.8101348709264806, 1.2293339001418437],
 [5, 1, 0.1, 0.3777666616636069, 0.6076919137994692, 5.6382313148863386],
 [5, 1, 1, 0.07756878218691803, 0.8956101464197038, 25.850828873146778],
 [5, 2, 0.01, 0.32957236498593206, 0.5067215084239658, 0.5649553774130236],
 [5, 2, 0.1, 0.18861531315882749, 0.4339096550920867, 0.771771400124623],
 [5, 2, 1, 0.22907987860792076, 4.986601157262911, 0.8353064205910367],
 [5, 3, 0.01, 0.04154762066734498, 0.8985714890056548, 1.851850215264577],
 [5, 3, 0.1, 0.21399326932947269, 0.31619597586635323, 0.3194011614447049],
 [5, 3, 1, 0.2114664597280332, 9.488714803252945, 2.7261524572341753],
 [5, 4, 0.01, 0.026401308037878275, 0.8143798847638821, 1.4462102975880327],
 [5, 4, 0.1, 0.14296657464953286, 0.7812836164295757, 0.7314401812123674],
 [5, 4, 1, 0.001687410392051035, 0.6050876626531798, 0.7723928179627177],
 [5, 5, 0.01, 0.005133265206752507, 0.2644391175210065, 0.26797552191140495],
 [5, 5, 0.1, 0.12617758343818414, 0.19979399180618856, 0.3138839995742646],
 [5, 5, 1, 0.020454956529851593, 2.0161989381873964, 1.6387632391117197],
 [5, 6, 0.01, 0.0426363631456748, 0.7082904736452286, 0.6668574345419582],
 [5, 6, 0.1, 0.02381545813872321, 0.2796502251930619, 0.34985042023602964],
 [5, 6, 1, 0.05098783436201785, 1.8671583533438216, 2.7356350160741547],
 [5, 7, 0.01, 0.0647302522317597, 0.18219044854614952, 0.25191936219012295],
 [5, 7, 0.1, 0.003146415414823334, 6.5654994233791495, 7.084989075258427],
 [5, 7, 1, 0.031550104163438265, 0.3773637929447332, 1.1518757604052532],
 [5, 8, 0.01, 0.05107819760608097, 0.2651489897057773, 0.2763485054323094],
 [5, 8, 0.1, 0.09122307524830076, 0.1977721910236562, 0.22532752734328512],
 [5, 8, 1, 0.028333990609724892, 0.5716690474592767, 0.7318748252820537],
 [5, 9, 0.01, 0.12033373476134376, 0.21262804724903786, 0.2267518933889443],
 [5, 9, 0.1, 0.15717211978237583, 0.243215421247005, 0.14791628041426097],
 [5, 9, 1, 0.050856666464704506, 1.451072928841719, 5.273544525780822],
 [5, 10, 0.01, 0.01935561460516707, 2.5327223476512715, 2.8662048478922872],
 [5, 10, 0.1, 0.01442893150856272, 0.46999858921354226, 0.5744744447525615],
 [5, 10, 1, 0.013250744872844954, 3.666883555131752, 0.3029604576643882],
 [5, 11, 0.01, 0.019822912480208118, 5.52750511232648, 5.254208274927074],
 [5, 11, 0.1, 0.11403838512274111, 0.41670194985609826, 0.5071814366609917],
 [5, 11, 1, 0.10874698230775574, 0.16611782607813116, 0.30465355640427183],
 [5, 12, 0.01, 0.11313442409117018, 0.23343246597056827, 0.25083086582843567],
 [5, 12, 0.1, 0.0620298195902889, 0.8567008621773878, 0.9753430673310365],
 [5, 12, 1, 0.059357603045869435, 7.129133262295407, 4.789896474137328],
 [5, 13, 0.01, 0.04708569448798515, 0.8129824453926983, 0.8618132270496356],
 [5, 13, 0.1, 0.08757707733815759, 0.4454955025375636, 0.4446807531318749],
 [5, 13, 1, 0.02812969128548697, 0.4712884606626802, 3.888062462088241],
 [5, 14, 0.01, 0.06915931886481502, 0.3383274274140121, 0.34051109941421426],
 [5, 14, 0.1, 0.03530824477831098, 0.3623475810424888, 0.34908840755320764],
 [5, 14, 1, 0.002802863876229355, 1.1980749836881086, 2.825052223526581],
 [5, 15, 0.01, 0.08290450847166847, 0.7715566457507155, 0.790094362041136],
 [5, 15, 0.1, 0.056469400684167205, 4.411217628841327, 3.718489104347683],
 [5, 15, 1, 0.039722752025481964, 2.980615051858726, 2.9264812650203855],
 [5, 16, 0.01, 0.09459309213844172, 0.2177838923554422, 0.22566837296649292],
 [5, 16, 0.1, 0.0734800412109274, 0.5165126845139858, 0.4599227505634126],
 [5, 16, 1, 0.024251464645243255, 3.3717167830402155, 0.9336217767945449],
 [5, 17, 0.01, 0.02966659417777857, 0.9817229573391175, 1.0114619596487533],
 [5, 17, 0.1, 0.07406787045829445, 0.3485592702281022, 0.34780884892398906],
 [5, 17, 1, 0.003029656575958751, 0.8666111850465275, 1.1117575621394833],
 [5, 18, 0.01, 0.06639463866218338, 0.5019719482677393, 0.5153187762365362],
 [5, 18, 0.1, 0.05162614848811503, 0.9574639282386133, 0.9205704657178476],
 [5, 18, 1, 0.0196190803538526, 5.766134691401707, 4.025746615966155],
 [5, 19, 0.01, 0.07246363475649306, 0.32307595282444146, 0.312674293483261],
 [5, 19, 0.1, 0.054987446743773025, 0.5267349020816585, 0.7224439009410017],
 [5, 19, 1, 0.020234037539130438, 0.9046222658352783, 0.7297942206475859],
 [5, 20, 0.01, 0.0964277758469552, 0.24536413404875485, 0.2164495100870332],
 [5, 20, 0.1, 0.02900814807601735, 0.5294297142963433, 0.5421286236075582],
 [5, 20, 1, 0.08541953484431049, 2.089991137723739, 6.211936111458826],
 [10, 0, 0.01, 0.39701583190718204, 0.48396621806064494, 0.48966942509689365],
 [10, 0, 0.1, 0.4066122337029493, 0.5515478021968122, 0.5460639198452156],
 [10, 0, 1, 0.2775257894999964, 5.878692284322732, 9.529235252383039],
 [10, 1, 0.01, 0.21340918404148837, 0.8220175785738782, 16.675262474114316],
 [10, 1, 0.1, 0.39828236881921103, 0.7160632736644749, 0.6208879419035138],
 [10, 1, 1, 0.3248027625479026, 1.4077452538583954, 27.232459587141207],
 [10, 2, 0.01, 0.2640873067609073, 0.3578484225806989, 0.36662757903139864],
 [10, 2, 0.1, 0.06303540501716706, 2.197932008324264, 10.812724858257527],
 [10, 2, 1, 0.20281262385619012, 4.705342944124871, 12.392941770584372],
 [10, 3, 0.01, 0.17243750183116718, 1.0008294859735778, 1.8326329029208455],
 [10, 3, 0.1, 0.17089684455628565, 0.617642901124878, 0.5779909610212028],
 [10, 3, 1, 0.19434839622262695, 1.1314200363839355, 0.8469130712348645],
 [10, 4, 0.01, 0.1389025043493059, 0.16431651429232483, 0.16862321676564077],
 [10, 4, 0.1, 0.12319052971984368, 0.11844122301903245, 0.12198419376191542],
 [10, 4, 1, 0.10244986689868865, 0.6637669510733287, 0.21837992747935026],
 [10, 5, 0.01, 0.09389131380458239, 0.16113107973279103, 0.20991153906528628],
 [10, 5, 0.1, 0.08462320177039895, 0.3124522363831981, 0.20751202843331784],
 [10, 5, 1, 0.0906954360899678, 0.6854499407053511, 2.301381721534433],
 [10, 6, 0.01, 0.09058585380673398, 0.15455291182423078, 0.1574462949301139],
 [10, 6, 0.1, 0.11927171127563678, 0.12319193957456118, 0.14806669360029512],
 [10, 6, 1, 0.07069240610204139, 0.32344632954816693, 1.8473555117351501],
 [10, 7, 0.01, 0.07603010957268612, 0.1796733107931072, 0.2400116985853658],
 [10, 7, 0.1, 0.09412380108637988, 0.16145423576187584, 0.27627494893701815],
 [10, 7, 1, 0.13968714612997526, 2.8595226891457743, 1.7174922761879163],
 [10, 8, 0.01, 0.07506539068273271, 0.1785808710786311, 0.19317287411697495],
 [10, 8, 0.1, 0.07884101138288369, 0.19216413524419637, 0.28720104607766833],
 [10, 8, 1, 0.0749745618144731, 11.724569015702935, 10.708563807242918],
 [10, 9, 0.01, 0.04914198821617098, 0.4815679865882298, 0.4767391585988643],
 [10, 9, 0.1, 0.052595765475496735, 0.3020654370768873, 0.3631832363548845],
 [10, 9, 1, 0.11962768602473814, 0.12684863136071783, 0.7922003760836187],
 [10, 10, 0.01, 0.08969765744896295, 0.1797329629224969, 0.19754353743713374],
 [10, 10, 0.1, 0.10696008986754815, 0.1638547854633627, 0.17841312074151594],
 [10, 10, 1, 0.03983984310141986, 0.6748975269213525, 0.458987677025942],
 [10, 11, 0.01, 0.07930919416355404, 0.3189855603314209, 0.3006184407640175],
 [10, 11, 0.1, 0.1384924996836009, 0.16929898713255043, 0.14518329805242386],
 [10, 11, 1, 0.10521120975003122, 0.3697564700342037, 2.128926167821133],
 [10, 12, 0.01, 0.0640611716612198, 0.2795132276190024, 0.2960010177613249],
 [10, 12, 0.1, 0.07571985374110622, 0.35893632707242207, 0.3436474855104627],
 [10, 12, 1, 0.06980225141805986, 0.324723747828276, 0.3179325629487401],
 [10, 13, 0.01, 0.053777023967554925, 0.4385479544942541, 0.42735345871573427],
 [10, 13, 0.1, 0.12146034401158827, 0.2705725896573174, 0.2492603609199954],
 [10, 13, 1, 0.08525780307975042, 1.0110721155122524, 0.4634042558074343],
 [10, 14, 0.01, 0.04370782067972405, 0.8217459872474148, 1.1926456514961215],
 [10, 14, 0.1, 0.12367744052102256, 0.6673409657546263, 0.5477709004908773],
 [10, 14, 1, 0.09847527869443645, 0.2760675378684562, 1.1876888503068375],
 [10, 15, 0.01, 0.07449688082347915, 0.5273185180048701, 0.5987831562266515],
 [10, 15, 0.1, 0.12157890990387883, 0.4090230686510539, 0.3902326094544474],
 [10, 15, 1, 0.09497335693335672, 2.071884992046998, 0.3334310713681406],
 [10, 16, 0.01, 0.06969830076537847, 0.5892280309511316, 0.5259361043625406],
 [10, 16, 0.1, 0.12730593838988222, 0.1418632704231505, 0.1526335243279396],
 [10, 16, 1, 0.10507444829217767, 0.29229469531896296, 0.3092563760210308],
 [10, 17, 0.01, 0.08928671977557155, 0.1998325053765583, 0.20801638428275201],
 [10, 17, 0.1, 0.060084973523091556, 0.604170311067814, 0.6329071783237141],
 [10, 17, 1, 0.05780507414695796, 1.4537858833709303, 0.5711331754074325],
 [10, 18, 0.01, 0.0571124906967629, 0.12275401054298628, 0.1258521324518395],
 [10, 18, 0.1, 0.1242090112880718, 0.258898479129599, 0.20449668733597468],
 [10, 18, 1, 0.048762237612321735, 5.793197056664289, 1.4396147773968864],
 [10, 19, 0.01, 0.08772532633138883, 0.914339261101926, 0.6727145813077342],
 [10, 19, 0.1, 0.09975135155987251, 0.11026994214058058, 0.11296591413034651],
 [10, 19, 1, 0.05612508215859402, 0.22181188819984932, 0.3090209609110217],
 [10, 20, 0.01, 0.07610561030564994, 0.2192419673273603, 0.23998144830205612],
 [10, 20, 0.1, 0.0735733817327753, 1.0615356943132395, 0.8497922207979702],
 [10, 20, 1, 0.11750795254299715, 0.322384891494791, 0.8664615492844582],
 [20, 0, 0.01, 0.40584138097919037, 0.5740627538503268, 0.5771438095370899],
 [20, 0, 0.1, 0.5332598707735644, 0.5248955880919546, 0.5239525090009427],
 [20, 0, 1, 0.49618856055474725, 0.7322329658211991, 2.242116627882213],
 [20, 1, 0.01, 0.4751393477848606, 0.514547010755761, 1.3168885903556873],
 [20, 1, 0.1, 0.3509565817701334, 0.6322584615048656, 8.661744772396144],
 [20, 1, 1, 0.45605398333713926, 1.24533224196494, 3.0581824872984047],
 [20, 2, 0.01, 0.2714744538031265, 0.42850734958375347, 1.1478615414300446],
 [20, 2, 0.1, 0.2859853579616242, 0.3875885513668229, 0.682052014439945],
 [20, 2, 1, 0.33739974808020073, 2.6313353629265626, 1.1575930361628766],
 [20, 3, 0.01, 0.14414621629208818, 0.266115270923057, 0.4448923980569347],
 [20, 3, 0.1, 0.10450370626358577, 0.29475185285001254, 0.31006380177449433],
 [20, 3, 1, 0.1426699257023748, 1.8943909050725056, 4.933714602957722],
 [20, 4, 0.01, 0.08433241666597743, 0.42323807212202064, 0.6792354101015547],
 [20, 4, 0.1, 0.1130448044813785, 0.17647674013463258, 0.18369492220313027],
 [20, 4, 1, 0.1061486008939534, 0.283081163729715, 0.34070463500846165],
 [20, 5, 0.01, 0.10138636500559169, 0.1269550087560088, 0.15762716242080094],
 [20, 5, 0.1, 0.08432514225694987, 0.1791268893103804, 0.20116745997787716],
 [20, 5, 1, 0.052157760397323616, 6.7564757619411875, 2.008015975055144],
 [20, 6, 0.01, 0.09618529365047093, 0.23304611589994478, 0.3637066525175907],
 [20, 6, 0.1, 0.039259089981330354, 0.16222495500806575, 0.2202089654188197],
 [20, 6, 1, 0.07630920404159301, 1.812963102024387, 0.18116731673948366],
 [20, 7, 0.01, 0.13664467722482634, 0.1314236324103073, 0.15091982765801082],
 [20, 7, 0.1, 0.0649555717782374, 0.22135707517738643, 0.33874111144591157],
 [20, 7, 1, 0.0891630623373467, 1.907304269135703, 0.46622918128852997],
 [20, 8, 0.01, 0.11565395513883411, 0.17642850503070792, 0.19265009016744888],
 [20, 8, 0.1, 0.1354612366682748, 0.283339018437152, 0.2083265816584986],
 [20, 8, 1, 0.11975886456556091, 1.547177403435753, 0.7441917135211583],
 [20, 9, 0.01, 0.12405272316717456, 0.2332194730366091, 0.2698644419019424],
 [20, 9, 0.1, 0.12491958108189168, 0.20787621137749596, 0.20024017093572177],
 [20, 9, 1, 0.12364242213947556, 4.482019114735168, 2.185466969693043],
 [20, 10, 0.01, 0.10646198569227991, 0.18031862381047442, 0.1836335892006035],
 [20, 10, 0.1, 0.1275144864131707, 0.1433050503139376, 0.13956075108089022],
 [20, 10, 1, 0.11257765550833745, 3.802747729659257, 6.797053626289595],
 [20, 11, 0.01, 0.11287946339070136, 0.1890498192943011, 0.21720363216935984],
 [20, 11, 0.1, 0.12869720408546698, 0.28003253306460646, 0.1825713427471796],
 [20, 11, 1, 0.09697464418947481, 0.3604935518363956, 0.2952170353351431],
 [20, 12, 0.01, 0.12488335896754443, 0.1283599046730726, 0.12959562467082109],
 [20, 12, 0.1, 0.07519006969811962, 0.17573299836603762, 0.1727727918702713],
 [20, 12, 1, 0.12411367829944595, 0.2295854883578297, 0.28848631371241396],
 [20, 13, 0.01, 0.11025824477601132, 0.15406096797369656, 0.15143797834263922],
 [20, 13, 0.1, 0.0887332427575511, 0.4239708318535438, 0.2963182724692615],
 [20, 13, 1, 0.09433441430491005, 0.1223525874254667, 0.3712848685478537],
 [20, 14, 0.01, 0.11730194914843224, 0.14494114400747113, 0.14108943282463424],
 [20, 14, 0.1, 0.11553778020265057, 0.2999051964423455, 0.2611090581192135],
 [20, 14, 1, 0.1254642433835628, 5.321574717856632, 3.2579793650280164],
 [20, 15, 0.01, 0.10242561192752755, 0.10825205153725347, 0.11262579141485088],
 [20, 15, 0.1, 0.11359391903238543, 0.12851129455566468, 0.17402663350017836],
 [20, 15, 1, 0.12862454032469406, 0.7734055633331837, 0.4219846101778073],
 [20, 16, 0.01, 0.09153133777023546, 0.17697165815781948, 0.18120165490018653],
 [20, 16, 0.1, 0.13113791113562107, 0.18878250005122296, 0.3247918807442888],
 [20, 16, 1, 0.12717989343575878, 0.19136087147904018, 12.186306716270451],
 [20, 17, 0.01, 0.09664811287192362, 0.14890750679652862, 0.14685670788187796],
 [20, 17, 0.1, 0.06781553886195743, 0.6888091749991989, 0.6062198411773851],
 [20, 17, 1, 0.094886428547014, 0.26946403427257615, 0.2956068461126355],
 [20, 18, 0.01, 0.0899082535133756, 0.1319637012719557, 0.13110532123459723],
 [20, 18, 0.1, 0.07906180416125973, 0.1507148298936035, 0.2847685807175],
 [20, 18, 1, 0.0849509520099191, 4.473366797489597, 4.397288551095553],
 [20, 19, 0.01, 0.08074309477388274, 0.18186056013002042, 0.1797817500832659],
 [20, 19, 0.1, 0.10626786250388384, 0.2164291738570491, 0.2094457783726647],
 [20, 19, 1, 0.11727203007413838, 1.770433500038844, 0.1733464370754918],
 [20, 20, 0.01, 0.07981170692542841, 0.1648500483348253, 0.1708162981939066],
 [20, 20, 0.1, 0.11050933939002452, 0.15485508362577544, 0.1852421138824066],
 [20, 20, 1, 0.08777685198205283, 0.5040833495477197, 0.4492901980797245],
 [50, 0, 0.01, 0.4608484734469161, 0.5111876222720223, 0.5037570616901201],
 [50, 0, 0.1, 0.4745709738709938, 0.507883914344775, 0.477791636194682],
 [50, 0, 1, 0.4790698144051493, 1.0400087432916563, 0.7811630663860524],
 [50, 1, 0.01, 0.5202385796310552, 0.500617731093906, 1.617467911916382],
 [50, 1, 0.1, 0.43493230665710314, 0.5704961614220861, 0.790696258611219],
 [50, 1, 1, 0.5783192211212607, 3.4020560940300824, 0.5148538957254802],
 [50, 2, 0.01, 0.31688060210250923, 0.34862837591003465, 0.5069844820282713],
 [50, 2, 0.1, 0.2831187159986175, 0.3086897823943449, 0.3547734155465726],
 [50, 2, 1, 0.27636058578325534, 2.523054365546057, 6.825789776892118],
 [50, 3, 0.01, 0.13849732883537885, 0.1674433474185301, 0.1941134300906657],
 [50, 3, 0.1, 0.1393140713288552, 0.1945999251218828, 0.20347804118805257],
 [50, 3, 1, 0.14453400878741104, 5.131278896093256, 2.692740429871465],
 [50, 4, 0.01, 0.08810925275803788, 0.1383281573939035, 0.23433505150197975],
 [50, 4, 0.1, 0.13315928219645787, 0.13714070983837434, 0.17504340327683726],
 [50, 4, 1, 0.1080201766333456, 8.718488683201393, 4.159224299528411],
 [50, 5, 0.01, 0.10466019816635065, 0.19230658888613197, 0.25955824587057474],
 [50, 5, 0.1, 0.08030507377292466, 0.1333613722080261, 0.18401159994440708],
 [50, 5, 1, 0.10923054600163135, 5.079023040016124, 0.5709780417713203],
 [50, 6, 0.01, 0.13444588049757822, 0.12962039597499989, 0.1630340399137744],
 [50, 6, 0.1, 0.12935510607261036, 0.19580320063463166, 0.15455203442768503],
 [50, 6, 1, 0.12134255513208517, 6.054675543097187, 1.6154534277743107],
 [50, 7, 0.01, 0.10783898817504378, 0.14627449172602794, 0.16963585686504842],
 [50, 7, 0.1, 0.1304075084528015, 0.15483825113291644, 0.16027009555633687],
 [50, 7, 1, 0.11207506644050691, 0.5304052018268092, 4.006049390111453],
 [50, 8, 0.01, 0.1372363320025559, 0.1467417191219237, 0.1571506363337817],
 [50, 8, 0.1, 0.13285942552493582, 0.18430136311496462, 0.20681201361750884],
 [50, 8, 1, 0.11643132484390023, 2.815759063921379, 3.656733585543892],
 [50, 9, 0.01, 0.11564949647361437, 0.16050111090088406, 0.15099572716766155],
 [50, 9, 0.1, 0.13677801266572365, 0.1521757874225653, 0.16207844936379018],
 [50, 9, 1, 0.11902526903432509, 1.6707545194482882, 8.055557578913131],
 [50, 10, 0.01, 0.12598492695380079, 0.13816511288178354, 0.14332603662169616],
 [50, 10, 0.1, 0.09763369643368418, 0.16182318183467367, 0.1735808956437489],
 [50, 10, 1, 0.1282215567678436, 0.12713823502199795, 1.5344461128116615],
 [50, 11, 0.01, 0.13011161096957158, 0.12376337820845067, 0.1306662148722849],
 [50, 11, 0.1, 0.12945010994862163, 0.17277505551342956, 0.12380243753936929],
 [50, 11, 1, 0.12652353954671622, 0.7066100111964755, 3.5113273406108347],
 [50, 12, 0.01, 0.13910822559895053, 0.1294259914300919, 0.13101596900499463],
 [50, 12, 0.1, 0.10982870517745737, 0.1392775392769468, 0.15987718991885894],
 [50, 12, 1, 0.13529586083058848, 0.7274381461776147, 1.4037380391408143],
 [50, 13, 0.01, 0.11672622392396866, 0.23197690593603468, 0.26212269631573093],
 [50, 13, 0.1, 0.12989000506237233, 0.18942713847698842, 0.22838115840014894],
 [50, 13, 1, 0.10854710773260179, 0.20737677660402812, 3.8531146691350386],
 [50, 14, 0.01, 0.12274790963909078, 0.14994630498273712, 0.15497684627384284],
 [50, 14, 0.1, 0.10713941503265122, 0.3835234461783676, 0.2994378394905617],
 [50, 14, 1, 0.11855521686178536, 0.6342294939537392, 0.8498325712987735],
 [50, 15, 0.01, 0.1166190601729034, 0.18120537453793298, 0.19881210667648117],
 [50, 15, 0.1, 0.10406393422377412, 0.16359925775174033, 0.15674581502125562],
 [50, 15, 1, 0.10952906836855102, 0.2835995028103058, 0.47709429684722027],
 [50, 16, 0.01, 0.11720996962539658, 0.3575325555465235, 0.31870147031694335],
 [50, 16, 0.1, 0.09536151827352805, 0.2568391653342336, 0.10752102495691812],
 [50, 16, 1, 0.09131783941815125, 3.7121257955460765, 0.26611516665827045],
 [50, 17, 0.01, 0.09628592634729577, 0.11403880114654857, 0.11335158245888782],
 [50, 17, 0.1, 0.10266670470088074, 0.10396190627040612, 0.1229759332452932],
 [50, 17, 1, 0.09522621036228748, 1.1782723429699582, 0.6906403261312902],
 [50, 18, 0.01, 0.09236777989367902, 0.11643837307476884, 0.11376206969299239],
 [50, 18, 0.1, 0.10430230766246057, 0.09695930633158191, 0.1005332124067425],
 [50, 18, 1, 0.11815028295374466, 0.5390016443565047, 1.358983105432095],
 [50, 19, 0.01, 0.0844598131782443, 0.09946564660455708, 0.0975140518574344],
 [50, 19, 0.1, 0.08346985764646053, 0.12219062462260953, 0.10831868606743396],
 [50, 19, 1, 0.09569443265870259, 2.0702153117957707, 0.2507842746796522],
 [50, 20, 0.01, 0.09142807973815788, 0.1098941035813588, 0.1082409907891938],
 [50, 20, 0.1, 0.09232438946337213, 0.10896764447254939, 0.14821423407425677],
 [50, 20, 1, 0.09032857695967716, 0.42076430202844867, 0.18263046298970478],
 [100, 0, 0.01, 0.4788609623407153, 0.48971179581067115, 0.5076213809964781],
 [100, 0, 0.1, 0.4716655903992648, 0.49918068659934645, 0.52051647811306],
 [100, 0, 1, 0.5363299889459985, 1.1233522700918872, 0.7842154648759286],
 [100, 1, 0.01, 0.57915093120008, 0.5169619815067161, 1.2801113245791553],
 [100, 1, 0.1, 0.44576193757737687, 0.49144949770652036, 0.7240310059208345],
 [100, 1, 1, 0.4726701747930977, 0.5115458674011724, 7.810466462265238],
 [100, 2, 0.01, 0.34817553578827526, 0.33030893149509055, 0.4074941643364146],
 [100, 2, 0.1, 0.28802304441646087, 0.31654773076080667, 0.4714045255160546],
 [100, 2, 1, 0.26420869624241433, 1.831877188059085, 0.5244975541319202],
 [100, 3, 0.01, 0.14365484042839638, 0.16314463478015556, 0.2189809453432936],
 [100, 3, 0.1, 0.1616237108894711, 0.258855809865378, 0.22322832467472928],
 [100, 3, 1, 0.15474800711102976, 1.353087758765563, 0.5781944829586076],
 [100, 4, 0.01, 0.13045581536752157, 0.12564662479533076, 0.19288641459400038],
 [100, 4, 0.1, 0.12490479178070286, 0.12099648148331353, 0.17309623814885966],
 [100, 4, 1, 0.12616216560786112, 0.49665048997315225, 1.8727479305238595],
 [100, 5, 0.01, 0.11070244466196576, 0.129789012772899, 0.18689747753141978],
 [100, 5, 0.1, 0.1158629446939331, 0.1321722290704708, 0.18843474000505936],
 [100, 5, 1, 0.11152494676194437, 0.636112313662234, 1.7608691169113255],
 [100, 6, 0.01, 0.12090778003318604, 0.12323185608186192, 0.15146105047077354],
 [100, 6, 0.1, 0.11691091807906756, 0.13659585610883496, 0.21127108812142698],
 [100, 6, 1, 0.12154858186161271, 1.1947548733638793, 2.3293233182517024],
 [100, 7, 0.01, 0.1454269576604094, 0.13778766419197847, 0.1628357399452809],
 [100, 7, 0.1, 0.13337451606533313, 0.18982104012329262, 0.23267268101620375],
 [100, 7, 1, 0.12441747730038574, 0.42070972802253215, 0.23073154217984285],
 [100, 8, 0.01, 0.13836481472566126, 0.14628098691267036, 0.15342507331039046],
 [100, 8, 0.1, 0.13758884996232112, 0.17544971568934403, 0.18745298051655146],
 [100, 8, 1, 0.13473951377755392, 7.04006220473751, 4.473307822819404],
 [100, 9, 0.01, 0.14941843277071515, 0.13253595574681967, 0.13817201173273372],
 [100, 9, 0.1, 0.14143359919448653, 0.15001858582574093, 0.15466482939061116],
 [100, 9, 1, 0.13702442753940863, 2.215051850114325, 0.46191189339373595],
 [100, 10, 0.01, 0.1271658748791411, 0.13524660953483406, 0.14618788354534104],
 [100, 10, 0.1, 0.11805900207980236, 0.16993579085108873, 0.18192785309955764],
 [100, 10, 1, 0.15609824271595563, 0.2410080572393513, 0.8294369956705233],
 [100, 11, 0.01, 0.1257157762877407, 0.14091271269512337, 0.14001670017514756],
 [100, 11, 0.1, 0.13582989757483188, 0.16413569613744913, 0.17245891404589542],
 [100, 11, 1, 0.12956945279847915, 0.18245818101014286, 0.883502102725323],
 [100, 12, 0.01, 0.11799197573507947, 0.13325636521490897, 0.14034215267374717],
 [100, 12, 0.1, 0.12526099181612554, 0.12696079638828778, 0.12657128806088314],
 [100, 12, 1, 0.11936821866749991, 0.5409008231345664, 1.5896441960549097],
 [100, 13, 0.01, 0.11389541835020096, 0.14200595536007252, 0.16082859474421551],
 [100, 13, 0.1, 0.10901630102099351, 0.13878593972462838, 0.16025771384888976],
 [100, 13, 1, 0.12322834110630745, 10.402729019055474, 3.011818730802198],
 [100, 14, 0.01, 0.10569703641410966, 0.11244917269594981, 0.11539973880109049],
 [100, 14, 0.1, 0.1082951521358911, 0.15181042362886743, 0.13728563696420532],
 [100, 14, 1, 0.11826136528551229, 6.090940405276587, 1.8796534171084756],
 [100, 15, 0.01, 0.11988761940756934, 0.11672676605842196, 0.11919220410344358],
 [100, 15, 0.1, 0.1039085684072431, 0.10429819427626116, 0.11437088662356698],
 [100, 15, 1, 0.0989282180932707, 4.929223080205407, 0.3895811965311088],
 [100, 16, 0.01, 0.09664738089363706, 0.11035864575827026, 0.11167616961820762],
 [100, 16, 0.1, 0.09348065989204628, 0.1040045406609627, 0.1063445378697542],
 [100, 16, 1, 0.0945746317470827, 0.651387796139488, 0.2637165643590027],
 [100, 17, 0.01, 0.10903814395656827, 0.11468540362693389, 0.11638113312414118],
 [100, 17, 0.1, 0.08283004210105932, 0.09190673432939203, 0.1007737342783984],
 [100, 17, 1, 0.09608042267772968, 4.093098245643907, 0.10400877599495578],
 [100, 18, 0.01, 0.09659060663136242, 0.10120928414950757, 0.0985801858933049],
 [100, 18, 0.1, 0.08970884197409738, 0.11897622955337081, 0.1358226128528365],
 [100, 18, 1, 0.11231375969201103, 0.16648952432919453, 10.888982266451672],
 [100, 19, 0.01, 0.09065184842731976, 0.11916399235495993, 0.11391824995955684],
 [100, 19, 0.1, 0.09453148408088774, 0.11306439568662312, 0.08818532469700409],
 [100, 19, 1, 0.0944433780756169, 0.3773892652712853, 0.3290921524161739],
 [100, 20, 0.01, 0.09264011683138368, 0.12119619914007591, 0.11746643375333243],
 [100, 20, 0.1, 0.1016385717380005, 0.14500024062811753, 0.10775121490206105],
 [100, 20, 1, 0.0991673582090152, 4.0937489146485575, 1.1944188442998955],
 [200, 0, 0.01, 0.5181748278112014, 0.5020633660243821, 0.5113507988189678],
 [200, 0, 0.1, 0.45749514614557385, 0.4833610738347597, 0.5398003801395388],
 [200, 0, 1, 0.504685498642659, 1.3098453415653086, 1.0518002326981004],
 [200, 1, 0.01, 0.47941979905799137, 0.4869459747254559, 0.5207797032072664],
 [200, 1, 0.1, 0.4867101649821967, 0.5172586303679756, 0.6944105755868637],
 [200, 1, 1, 0.4662873092876093, 1.1195851425856864, 6.235630201279523],
 [200, 2, 0.01, 0.3011179433170513, 0.2868837065136862, 0.31596961382807104],
 [200, 2, 0.1, 0.28858823202414063, 0.3322933460715362, 0.4507264874801318],
 [200, 2, 1, 0.2864293270976965, 6.957975404051268, 0.6656241107876444],
 [200, 3, 0.01, 0.15397966849130593, 0.14965408396374444, 0.18325496193734403],
 [200, 3, 0.1, 0.14056559549868444, 0.19203535843694547, 0.18862205009329547],
 [200, 3, 1, 0.13149349075068176, 5.383555370277833, 2.3738230169939336],
 [200, 4, 0.01, 0.11598128787787414, 0.10686611516638464, 0.16558629344281237],
 [200, 4, 0.1, 0.1141015135703097, 0.13372996568039217, 0.23140529801020585],
 [200, 4, 1, 0.11226541924374896, 0.2818125237986918, 0.23451406987271287],
 [200, 5, 0.01, 0.10792039786137382, 0.11167268840084305, 0.14844815872482542],
 [200, 5, 0.1, 0.1185538846305497, 0.12574277998601488, 0.16229235659707753],
 [200, 5, 1, 0.10938490740268253, 3.5078633365425946, 0.9998687865298788],
 [200, 6, 0.01, 0.1219461974382652, 0.11788398275008086, 0.14919865915862368],
 [200, 6, 0.1, 0.11413646844105946, 0.1706554081349897, 0.14662596656515794],
 [200, 6, 1, 0.13657974192829572, 0.2858129707889285, 0.8085986420148432],
 [200, 7, 0.01, 0.12379967399870073, 0.11374358592232033, 0.1390824873545798],
 [200, 7, 0.1, 0.13685049658693427, 0.17074698474874886, 0.17048646139369078],
 [200, 7, 1, 0.12001012741863507, 0.13713025316235744, 0.23003510562806004],
 [200, 8, 0.01, 0.1320937392722343, 0.14163865908330897, 0.15692357960324763],
 [200, 8, 0.1, 0.13953551026264802, 0.15814522975967416, 0.18201794413485473],
 [200, 8, 1, 0.13081811345171798, 1.131855853890218, 0.16880257861743608],
 [200, 9, 0.01, 0.13394199540772309, 0.1261123062958385, 0.14071937236759027],
 [200, 9, 0.1, 0.12297876122073685, 0.13465943462816213, 0.13071751520793015],
 [200, 9, 1, 0.1362561917319058, 0.15958287614269298, 0.24691894939078807],
 [200, 10, 0.01, 0.13294628648177573, 0.14388965919502383, 0.13967415495924523],
 [200, 10, 0.1, 0.12927404805089535, 0.23740201976889938, 0.13022584232657125],
 [200, 10, 1, 0.13923863471858125, 2.3257871970928377, 0.16892986792741513],
 [200, 11, 0.01, 0.127660952708453, 0.13462428367888574, 0.13904750884904793],
 [200, 11, 0.1, 0.1408645266538742, 0.13270860976680127, 0.18496269472028484],
 [200, 11, 1, 0.13831845116102312, 2.5109223903023903, 10.593756832948959],
 [200, 12, 0.01, 0.12497288344296942, 0.1214418593966777, 0.12572284872263384],
 [200, 12, 0.1, 0.13712897103619834, 0.17314618591968292, 0.13955671605840908],
 [200, 12, 1, 0.12161160510333201, 3.081951319021146, 7.227524984257885],
 [200, 13, 0.01, 0.10925133726222669, 0.11675864529380965, 0.11982511958018921],
 [200, 13, 0.1, 0.11966869618535776, 0.125628675157465, 0.17366613319827903],
 [200, 13, 1, 0.11770621368177053, 0.13211411890033078, 0.5393976343727359],
 [200, 14, 0.01, 0.10973138595432594, 0.11804828927515437, 0.11976896191405263],
 [200, 14, 0.1, 0.11215212892170856, 0.18675718218220977, 0.16202233515655662],
 [200, 14, 1, 0.11353617038046955, 2.818645280866757, 0.33748543251251045],
 [200, 15, 0.01, 0.11222403473536695, 0.1107853491716872, 0.11336542169176468],
 [200, 15, 0.1, 0.11513782486586523, 0.12562266647959883, 0.12363810954611201],
 [200, 15, 1, 0.10579919306176679, 0.7075794756141718, 0.10483193216529373],
 [200, 16, 0.01, 0.09662105110118761, 0.106238335987511, 0.10622193789259703],
 [200, 16, 0.1, 0.10044599225462429, 0.10240254900432122, 0.1007806766187252],
 [200, 16, 1, 0.11972204765675326, 0.6452587828444704, 9.079916999413607],
 [200, 17, 0.01, 0.10456065241718444, 0.10970858966885093, 0.11852096220256515],
 [200, 17, 0.1, 0.10140365160257535, 0.12612586837300396, 0.16681382255953633],
 [200, 17, 1, 0.09372230916871001, 1.011415479581009, 0.2929270604869176],
 [200, 18, 0.01, 0.09195506223894175, 0.09491171328840901, 0.09403050933147689],
 [200, 18, 0.1, 0.09545362559380566, 0.12225513034464874, 0.1209687243348067],
 [200, 18, 1, 0.10397651335013874, 3.688200245844997, 0.9179501475364295],
 [200, 19, 0.01, 0.08831223533711405, 0.09229753578999761, 0.09361431691080842],
 [200, 19, 0.1, 0.10021851545699267, 0.11075799089523561, 0.10831266950745862],
 [200, 19, 1, 0.10070268797093941, 2.037700895158984, 1.3120274080879117],
 [200, 20, 0.01, 0.09370621005136524, 0.08710164872719446, 0.09035763982144898],
 [200, 20, 0.1, 0.09901582079266015, 0.15042925262162618, 0.16463479065111783],
 [200, 20, 1, 0.09048759358996242, 0.8847435483187032, 1.5107999799463403]]
