[[2, 0, 0.01, 0.22204915572003286, 0.7642873773551861, 0.5243819228279417],
 [2, 0, 0.1, 0.2274538562566048, 0.7741896154417696, 0.5139514378782803],
 [2, 0, 1, 0.2612562388947271, 3.0858369987021, 0.5059222278358813],
 [2, 1, 0.01, 0.1862525980957239, 0.8039388112119241, 0.5015137403533415],
 [2, 1, 0.1, 0.17948613914730122, 0.737882416004559, 0.5409816905494286],
 [2, 1, 1, 0.17453162920285165, 2.2941412297092536, 1.924877896536713],
 [2, 2, 0.01, 0.03758237252863225, 1.4223772246552113, 0.5406722761213747],
 [2, 2, 0.1, 0.00415099046034545, 1.579092276372465, 0.6102744485738268],
 [2, 2, 1, 0.0022707140754020462, 2.7306502806792308, 4.111224073082222],
 [2, 3, 0.01, 0.011661853415624392, 1.0516147007208976, 0.4984130883084163],
 [2, 3, 0.1, 0.0031169535728268662, 2.1707562689062394, 0.8144788177033855],
 [2, 3, 1, 0.03960843953812996, 2.696667643887971, 0.9793061835722928],
 [2, 4, 0.01, 2.5457162115396787e-05, 1.2521529043016473, 0.5253328528952119],
 [2, 4, 0.1, 0.0011552544741540267, 1.043518689969957, 0.5053722319036645],
 [2, 4, 1, 0.005802312174325192, 4.130740755180404, 1.1419527470530944],
 [2, 5, 0.01, 0.018223830652904293, 3.499699739943581, 1.220993381070893],
 [2, 5, 0.1, 0.016116724568669506, 1.671352734442928, 0.5126911257574708],
 [2, 5, 1, 0.00853142586692129, 1.8410800157378024, 1.7416274566511705],
 [2, 6, 0.01, 0.023737395046471998, 5.759135398389739, 1.9455216570128446],
 [2, 6, 0.1, 0.008968448879147934, 1.893520842854079, 0.8535097016731682],
 [2, 6, 1, 0.03367608567436343, 3.4539471221717415, 1.1082609902831386],
 [2, 7, 0.01, 7.601651555728908e-05, 1.4628403132084309, 0.5448717952539582],
 [2, 7, 0.1, 0.03662317065789563, 4.029247288276244, 2.3323522283114584],
 [2, 7, 1, 0.01596771669775726, 7.583503381493455, 1.0845040831304764],
 [2, 8, 0.01, 0.0007623942629651815, 2.8608029745559, 0.9990581454900966],
 [2, 8, 0.1, 0.005853381401483368, 2.2390105763763417, 0.6988786883841239],
 [2, 8, 1, 0.008080153531629025, 9.088511642481762, 1.129322055345436],
 [2, 9, 0.01, 0.0020583958597995638, 1.5300173688452594, 0.4747447647636507],
 [2, 9, 0.1, 0.015902030741181506, 1.263685798183079, 0.610847032971976],
 [2, 9, 1, 0.002101826924249365, 2.522557512883262, 0.44792707408533844],
 [2, 10, 0.01, 0.0031057792841252124, 2.4656392000772924, 1.0390191293789752],
 [2, 10, 0.1, 0.003254052507538816, 1.0477401046699246, 0.4241974108929438],
 [2, 10, 1, 0.008456626651769765, 5.208252716558056, 1.2553903316392867],
 [2, 11, 0.01, 6.66000839736772e-06, 2.0388297734654204, 0.6202064101842346],
 [2, 11, 0.1, 0.01737554809489944, 2.898793510225983, 0.8060578849751933],
 [2, 11, 1, 0.01008513337090427, 7.535751715050464, 2.307667193371018],
 [2, 12, 0.01, 0.015205842097917147, 7.105205711790821, 3.8377513009314375],
 [2, 12, 0.1, 0.02593719151421322, 3.7086463909014826, 0.9705133209186708],
 [2, 12, 1, 0.0036954860045072453, 5.564747343993027, 4.192874522488836],
 [2, 13, 0.01, 0.004329640723078017, 1.2368739944599736, 0.45780556101351194],
 [2, 13, 0.1, 0.028136754758792425, 2.018386557897111, 0.8693330557896363],
 [2, 13, 1, 0.00044149134509526515, 3.9464649796680953, 1.1446475632739295],
 [2, 14, 0.01, 0.0007885271957734629, 5.145775151131272, 2.8420789539771527],
 [2, 14, 0.1, 0.017318791624524283, 1.8158753652791808, 0.8378220106563847],
 [2, 14, 1, 0.005056441152818895, 4.666241532158814, 3.4457134156297635],
 [2, 15, 0.01, 0.00018677403500594352, 2.2887095300277878, 0.43834568034515514],
 [2, 15, 0.1, 0.017490945118671324, 1.1988466059435758, 0.4632345684390606],
 [2, 15, 1, 0.03155119147514975, 4.346604680021392, 1.60543259084297],
 [2, 16, 0.01, 0.038451157964868796, 2.6529579035426547, 0.8688107989304408],
 [2, 16, 0.1, 8.035197733646548e-05, 2.2554342735517676, 0.9185676346799463],
 [2, 16, 1, 0.0017995714458128667, 5.74160248589125, 0.4594232033078007],
 [2, 17, 0.01, 0.012349595117832384, 1.6684273246639436, 0.6432025458565206],
 [2, 17, 0.1, 0.00850658194806914, 3.431832226227422, 0.9040419626530156],
 [2, 17, 1, 0.017624537934924477, 3.99954034200748, 3.1055450322481426],
 [2, 18, 0.01, 0.0066907156098100756, 1.6982871705921494, 0.5214075426480581],
 [2, 18, 0.1, 0.026472498720353836, 4.389414152115053, 1.95998641172658],
 [2, 18, 1, 0.010604584770512513, 4.861610871068003, 2.824333581308765],
 [2, 19, 0.01, 0.0014420905249214577, 1.8766918988405923, 0.44830383203344093],
 [2, 19, 0.1, 0.010939368389939409, 4.558590016536991, 1.5689123876752347],
 [2, 19, 1, 8.954540412391761e-05, 2.7448082858673484, 0.7919010712620117],
 [2, 20, 0.01, 0.0004760109399807066, 1.4101559174139138, 0.40027845403532947],
 [2, 20, 0.1, 0.0031022857092826302, 2.872504180206932, 1.9582452369941905],
 [2, 20, 1, 0.020586740842635405, 4.4878352893998885, 2.4153733936929482],
 [5, 0, 0.01, 0.45005958568220905, 0.5964676756958591, 0.4945669393443641],
 [5, 0, 0.1, 0.3657037799312079, 0.5806537541668906, 0.5301723125842752],
 [5, 0, 1, 0.4530516454191883, 1.9495850693836072, 0.6614664733071168],
 [5, 1, 0.01, 0.4904536618440944, 0.5867277043051683, 0.4971991896270784],
 [5, 1, 0.1, 0.4386330393825683, 0.5510200689483431, 0.4967622991098019],
 [5, 1, 1, 0.29141480646448853, 1.7906875407316831, 0.6735105796571197],
 [5, 2, 0.01, 0.22763527531883038, 0.9138463998888298, 0.49777569148288203],
 [5, 2, 0.1, 0.25262517620906755, 1.3196510713037173, 0.87391059034179],
 [5, 2, 1, 0.27921891009436683, 2.498917587938974, 0.5304088241041697],
 [5, 3, 0.01, 0.16869359925983915, 1.3739977913733523, 0.5454831620180363],
 [5, 3, 0.1, 0.19047854506450212, 2.187253112851797, 0.7449217036561862],
 [5, 3, 1, 0.12900312691391558, 3.544777591659262, 0.7506874831944017],
 [5, 4, 0.01, 0.09319034546947419, 0.853272376565806, 0.3477641942451344],
 [5, 4, 0.1, 0.11249922510020156, 0.7535553198410211, 0.3171173105790019],
 [5, 4, 1, 0.13409272912891254, 4.402728576281379, 1.7432562906465283],
 [5, 5, 0.01, 0.07705147493621325, 2.8132778082146657, 0.7421586974345462],
 [5, 5, 0.1, 0.15782087296946773, 0.9316387390947659, 0.34662230798680804],
 [5, 5, 1, 0.09711100336341681, 1.6172724986889755, 1.5390678548865084],
 [5, 6, 0.01, 0.10651442774906561, 0.44882632251295684, 0.2561331202186885],
 [5, 6, 0.1, 0.11796974073513651, 1.3640361873532945, 0.3831184649289351],
 [5, 6, 1, 0.09241566974838855, 3.929509123454083, 1.6075075034154518],
 [5, 7, 0.01, 0.09643221502631602, 1.8710783195836052, 0.4648103926237953],
 [5, 7, 0.1, 0.1352656432268684, 0.5579066737355032, 0.28066563967812097],
 [5, 7, 1, 0.15632656705508569, 3.0668988025298343, 0.7891990903440581],
 [5, 8, 0.01, 0.11645070899716777, 2.2822171761991714, 0.5485000170218334],
 [5, 8, 0.1, 0.07772043627848697, 1.5887375144601399, 0.3151113748178527],
 [5, 8, 1, 0.11782862205656308, 2.197170044513348, 1.578123956964503],
 [5, 9, 0.01, 0.10834057501556756, 1.7977333877420272, 0.6097188392298775],
 [5, 9, 0.1, 0.10048259975550008, 2.1113112278213158, 0.3908921930789628],
 [5, 9, 1, 0.1010303372556337, 2.1372874110408313, 0.6243529453768236],
 [5, 10, 0.01, 0.10003220025843565, 1.274626859288513, 0.3498075361001217],
 [5, 10, 0.1, 0.1167457774801027, 0.6554346665825099, 0.3762045921969034],
 [5, 10, 1, 0.1112230655267539, 1.941078240666726, 1.2879492054654322],
 [5, 11, 0.01, 0.07056531342317217, 3.0043058119070216, 0.7485709021784358],
 [5, 11, 0.1, 0.08618162397038538, 2.704523841180654, 0.46446465450886865],
 [5, 11, 1, 0.062429508641753895, 2.827641712725326, 0.6623559987735325],
 [5, 12, 0.01, 0.096275133205548, 1.3725401851898527, 0.33082785843505913],
 [5, 12, 0.1, 0.10470767182476823, 1.6603294652191825, 0.33336439445267874],
 [5, 12, 1, 0.09717072955803945, 5.042234129126301, 1.5436179816436095],
 [5, 13, 0.01, 0.12121639751255422, 0.6574711620618026, 0.40562761061193026],
 [5, 13, 0.1, 0.09201050521855784, 1.958129597852426, 0.42222367431639224],
 [5, 13, 1, 0.08554051656830208, 2.976215458756284, 1.539962212532011],
 [5, 14, 0.01, 0.09833030969326231, 1.0018017731650255, 0.2853236847569227],
 [5, 14, 0.1, 0.08546064601893462, 0.6629514903125183, 0.3266135929163998],
 [5, 14, 1, 0.09281024404009235, 4.78911304812056, 0.7933151782462621],
 [5, 15, 0.01, 0.12464186015854437, 1.2651927464519621, 0.32179449430099455],
 [5, 15, 0.1, 0.09319716329368141, 2.128205377150976, 0.37978862081999026],
 [5, 15, 1, 0.10446900528265506, 7.8902005767729815, 4.417326650521844],
 [5, 16, 0.01, 0.09253383395467238, 2.0184402241584527, 0.304707419114524],
 [5, 16, 0.1, 0.09811703607265873, 0.6565594323754904, 0.3489271703870122],
 [5, 16, 1, 0.08739752389102692, 2.4223207558463606, 0.3274694545425197],
 [5, 17, 0.01, 0.0756611960042903, 0.7509333427876683, 0.3284511557590885],
 [5, 17, 0.1, 0.11662628574314089, 3.0403141689611024, 0.8719132127780713],
 [5, 17, 1, 0.08236466046056515, 2.59571787134925, 0.8893600191778847],
 [5, 18, 0.01, 0.08581851082728179, 1.0850452087660643, 0.40298677942986305],
 [5, 18, 0.1, 0.07223007262222045, 0.9328697402315645, 0.3175939116845727],
 [5, 18, 1, 0.08187222017905466, 5.127159874829387, 0.84549953205274],
 [5, 19, 0.01, 0.09387397422762306, 1.210740673742687, 0.33037351829583506],
 [5, 19, 0.1, 0.11455684669699569, 1.153369706649562, 0.38454451668842476],
 [5, 19, 1, 0.06075673098256941, 3.494503202559721, 0.3078673214867526],
 [5, 20, 0.01, 0.06842136043567268, 2.5558464908565957, 0.35704743755216867],
 [5, 20, 0.1, 0.06887917535866761, 1.9774289576018151, 0.4946016180218047],
 [5, 20, 1, 0.13665235282514496, 6.342952010308445, 1.0476607883611202],
 [10, 0, 0.01, 0.45356654275062824, 0.6045611779300099, 0.5213133781405627],
 [10, 0, 0.1, 0.4566673728321963, 0.5715122120130497, 0.5183956474054655],
 [10, 0, 1, 0.4310027739604367, 2.4173514116119588, 1.6321519575509116],
 [10, 1, 0.01, 0.4457983730253804, 0.5275147496636018, 0.49073149408071975],
 [10, 1, 0.1, 0.4774866259129853, 0.5661800565142907, 0.5143522505240787],
 [10, 1, 1, 0.42596313456803336, 4.800018427746187, 1.116215451492306],
 [10, 2, 0.01, 0.3852968182975188, 0.5297103365917102, 0.4587870297332681],
 [10, 2, 0.1, 0.39005739148339896, 0.6166981234567144, 0.5001968509150692],
 [10, 2, 1, 0.2947474039220387, 3.443910311329428, 1.3293761785421496],
 [10, 3, 0.01, 0.24998970599559117, 0.4213143608773947, 0.33849763668994304],
 [10, 3, 0.1, 0.3106857454404951, 0.39785545200173733, 0.3764567160263659],
 [10, 3, 1, 0.24518772397572391, 3.2879165670341406, 0.8391027371944394],
 [10, 4, 0.01, 0.19136517240206802, 0.3168289463879715, 0.2581629897598682],
 [10, 4, 0.1, 0.21373019374076704, 0.7860244808163402, 0.29556058168493493],
 [10, 4, 1, 0.20160532885545987, 2.3618629244775753, 0.47528092461099425],
 [10, 5, 0.01, 0.1706960178339169, 0.26713084466745807, 0.23026178167741895],
 [10, 5, 0.1, 0.12939218073692813, 0.4098778084675473, 0.31038122968563475],
 [10, 5, 1, 0.17574567424574236, 3.7975455378007146, 1.2457221693208769],
 [10, 6, 0.01, 0.16408935658826568, 0.32984783423176867, 0.22097814320167652],
 [10, 6, 0.1, 0.1352989659957648, 0.39723166669446397, 0.27502939773264656],
 [10, 6, 1, 0.1520054044528098, 3.1747273044805397, 0.9390822518840264],
 [10, 7, 0.01, 0.18098127635513378, 0.282946048588142, 0.2299015586233937],
 [10, 7, 0.1, 0.14155003370111888, 0.33605813501319487, 0.25786466579131123],
 [10, 7, 1, 0.16611412622990235, 2.537811063731045, 0.8416718390029287],
 [10, 8, 0.01, 0.1198726599444127, 0.668010189099357, 0.29309874823881],
 [10, 8, 0.1, 0.14034392659756184, 0.433404207055258, 0.24734903532364189],
 [10, 8, 1, 0.18665650268028658, 2.2318339330114476, 4.909112513282039],
 [10, 9, 0.01, 0.14736460500076085, 0.8009432123633882, 0.26117755367602996],
 [10, 9, 0.1, 0.1481814260959485, 0.6371755415435496, 0.3288135655184829],
 [10, 9, 1, 0.1412432495270991, 1.3908974596506658, 0.37870618300509734],
 [10, 10, 0.01, 0.1590763533783181, 0.4524800317731442, 0.3086983252446902],
 [10, 10, 0.1, 0.1335352646375376, 0.5943918048807572, 0.3060069062917005],
 [10, 10, 1, 0.14459185446980485, 1.6163823221605962, 0.3041278424893601],
 [10, 11, 0.01, 0.13633556246296935, 0.4717733689973597, 0.3120111783341835],
 [10, 11, 0.1, 0.1556875465826319, 0.3613806183258908, 0.27281255476447025],
 [10, 11, 1, 0.17137414822748548, 1.8413979230039874, 1.0982652895555916],
 [10, 12, 0.01, 0.18708244144828862, 0.43455186336631285, 0.30601690260792547],
 [10, 12, 0.1, 0.1759474645254493, 0.43056792031689034, 0.29377974433233855],
 [10, 12, 1, 0.14010659685822618, 2.6127812272018707, 0.6965440803235715],
 [10, 13, 0.01, 0.13612299053415466, 0.6355119758546861, 0.36852948081417103],
 [10, 13, 0.1, 0.15077485033161606, 0.38071304085761126, 0.2783161139675213],
 [10, 13, 1, 0.1517327675874474, 2.3733359084409758, 0.4777872668634991],
 [10, 14, 0.01, 0.11151621409784049, 0.7806299937517378, 0.3979075235591064],
 [10, 14, 0.1, 0.1514360811938857, 0.7918905123123735, 0.5994713731401855],
 [10, 14, 1, 0.15461309261407213, 4.138058253729271, 3.005351264020391],
 [10, 15, 0.01, 0.12608624863382434, 0.5588324193911649, 0.36156882960276787],
 [10, 15, 0.1, 0.1352831149724342, 0.7032957042677485, 0.4073506052598354],
 [10, 15, 1, 0.1622242335939586, 3.6628990831939845, 0.8572509957502255],
 [10, 16, 0.01, 0.13974699759418388, 0.554287014489361, 0.28927056808146684],
 [10, 16, 0.1, 0.11677059408936415, 0.8244279546067682, 0.42477282650686815],
 [10, 16, 1, 0.14868919170303255, 4.187046007342852, 0.4247949549424665],
 [10, 17, 0.01, 0.14402617662063902, 0.8417481170611364, 0.5755345181765246],
 [10, 17, 0.1, 0.1369637160671466, 0.590436863051781, 0.3316580194176921],
 [10, 17, 1, 0.1535959935061411, 3.2586179568287412, 0.25421559853654063],
 [10, 18, 0.01, 0.1446017917367785, 0.3936600628479593, 0.26545008610273346],
 [10, 18, 0.1, 0.15312377393338125, 0.5207121321589195, 0.279044239274091],
 [10, 18, 1, 0.1174619749689267, 4.2061100973065635, 1.0273804701007843],
 [10, 19, 0.01, 0.13505191676334022, 0.7886377022332678, 0.39776017281177006],
 [10, 19, 0.1, 0.14644330434065078, 0.5114678620847977, 0.31500035658588493],
 [10, 19, 1, 0.10370483754036681, 4.586947222907275, 0.7681323858522783],
 [10, 20, 0.01, 0.136184223993862, 0.5270553791955062, 0.289311580557144],
 [10, 20, 0.1, 0.1283017129493949, 0.8791863820396518, 0.44331174295532283],
 [10, 20, 1, 0.15651391580012153, 2.0260057505377747, 2.604239855275668],
 [20, 0, 0.01, 0.44606326562767923, 0.5219115207754753, 0.5009460926858152],
 [20, 0, 0.1, 0.4906920153342704, 0.5217622170818718, 0.5039507803252614],
 [20, 0, 1, 0.473891317470712, 1.4539098797355048, 1.4503665133990313],
 [20, 1, 0.01, 0.4813600629802986, 0.5141483865153693, 0.49362533194442837],
 [20, 1, 0.1, 0.4678796861775044, 0.5444490921398412, 0.5090861047480159],
 [20, 1, 1, 0.4537651930240438, 2.408687503397604, 3.530434726067519],
 [20, 2, 0.01, 0.4091018951500822, 0.5253334101363861, 0.47411474219504546],
 [20, 2, 0.1, 0.4590948721246453, 0.536903230694828, 0.47624901274256404],
 [20, 2, 1, 0.45690567285264, 3.7185813066736477, 1.2752997638539587],
 [20, 3, 0.01, 0.2901576020843747, 0.3805870384428317, 0.33103189745703476],
 [20, 3, 0.1, 0.29277606495280456, 0.4132613635845585, 0.33835229097723135],
 [20, 3, 1, 0.3150018334188299, 2.4332754309206965, 1.2824976945427677],
 [20, 4, 0.01, 0.21933909665257884, 0.23331350821080615, 0.22261662170226673],
 [20, 4, 0.1, 0.20218908399395913, 0.26943668721403524, 0.26660038997281343],
 [20, 4, 1, 0.21220414276948224, 2.3675179861973525, 1.185116362965181],
 [20, 5, 0.01, 0.19985558447507074, 0.23505199176506256, 0.21464623102267139],
 [20, 5, 0.1, 0.18168161782682052, 0.23344002705420447, 0.2180549632358386],
 [20, 5, 1, 0.17537928974468636, 2.019665102091245, 3.6683634337995312],
 [20, 6, 0.01, 0.19198051864118565, 0.2531306422053353, 0.21496044125083577],
 [20, 6, 0.1, 0.18045635673438923, 0.2982702274895769, 0.22238137096575258],
 [20, 6, 1, 0.19569493812099123, 3.4112781931262885, 0.9073429962430937],
 [20, 7, 0.01, 0.17532455183111478, 0.28944389285155786, 0.2599897639123949],
 [20, 7, 0.1, 0.1993162142335495, 0.28584532953316544, 0.22813014946714502],
 [20, 7, 1, 0.18368472414638512, 2.501626873191239, 0.6006798743278441],
 [20, 8, 0.01, 0.17908507429414072, 0.3052935195001691, 0.25507477612358825],
 [20, 8, 0.1, 0.20696396275329945, 0.28683615951591734, 0.2508531152533097],
 [20, 8, 1, 0.2090325244417512, 3.4910668926540174, 0.8245519996696324],
 [20, 9, 0.01, 0.15833150840524782, 0.3438143608275824, 0.2650031071382519],
 [20, 9, 0.1, 0.1846250456282758, 0.33294266990995697, 0.2553917528426471],
 [20, 9, 1, 0.19682000393005147, 1.656764391832415, 0.2727204374048273],
 [20, 10, 0.01, 0.1817256472932423, 0.34070478065323895, 0.28440641705212316],
 [20, 10, 0.1, 0.17748883163197546, 0.3771076486180506, 0.293364679153236],
 [20, 10, 1, 0.19353270156379115, 2.8807157615083687, 0.27848584211551886],
 [20, 11, 0.01, 0.2062572983592043, 0.35182195808373856, 0.2526799686631424],
 [20, 11, 0.1, 0.18648652674356542, 0.4273535307423586, 0.25566918528842225],
 [20, 11, 1, 0.19280468024521843, 1.941532546930063, 0.7551055894012169],
 [20, 12, 0.01, 0.18444519033176057, 0.2801418563221122, 0.23773735836394713],
 [20, 12, 0.1, 0.1651292817677708, 0.4982922193763691, 0.37623904111029133],
 [20, 12, 1, 0.19073937202991634, 2.4776535847022565, 0.362807342368186],
 [20, 13, 0.01, 0.1709838609601658, 0.4616757766290182, 0.3102605169832397],
 [20, 13, 0.1, 0.17484169818604176, 0.25424047093041835, 0.21178725427674322],
 [20, 13, 1, 0.19338016962504695, 2.1697072044372727, 0.787174023864947],
 [20, 14, 0.01, 0.19953990942345362, 0.23514836815112958, 0.20448111717610848],
 [20, 14, 0.1, 0.17517630764688935, 0.3722255263762252, 0.22453151363993595],
 [20, 14, 1, 0.1655150437164648, 0.9283842508053668, 1.4228104398616277],
 [20, 15, 0.01, 0.16901927161721803, 0.2434045156363338, 0.2114291467856862],
 [20, 15, 0.1, 0.16074659897591811, 0.35031153741527554, 0.24750794813943602],
 [20, 15, 1, 0.15345278219615016, 3.126790470199586, 0.2241723506843548],
 [20, 16, 0.01, 0.17164149640912868, 0.32013674710409645, 0.2087873806326428],
 [20, 16, 0.1, 0.16105835788298734, 0.4749096640770786, 0.3091324266793498],
 [20, 16, 1, 0.18610979709478329, 2.1318766785527123, 1.6503134705418026],
 [20, 17, 0.01, 0.16827173071664808, 0.30144030267477306, 0.1913731533887906],
 [20, 17, 0.1, 0.170870624220607, 0.3024163358196676, 0.22091411849867126],
 [20, 17, 1, 0.16331497715433801, 1.434488855846983, 0.5026282176178544],
 [20, 18, 0.01, 0.15367984229802772, 0.2820558269482406, 0.20712360097641275],
 [20, 18, 0.1, 0.1725225212905553, 0.24349484848765984, 0.19562339925777714],
 [20, 18, 1, 0.1752372988649133, 1.5405084419881732, 2.6874996771972386],
 [20, 19, 0.01, 0.16628431683004133, 0.39483272598055086, 0.2357425120379795],
 [20, 19, 0.1, 0.1592073405980736, 0.3225760521874746, 0.23855962897976943],
 [20, 19, 1, 0.17536533420484093, 3.1731349859593965, 2.1684903043202812],
 [20, 20, 0.01, 0.1696641937242432, 0.5621626152099345, 0.28257670531442053],
 [20, 20, 0.1, 0.1552336682777386, 0.3781446245675055, 0.21354479542827168],
 [20, 20, 1, 0.16769120154221434, 2.2339874525394015, 1.6994685422452933],
 [50, 0, 0.01, 0.5145797700067939, 0.5085717886237695, 0.5205131993232661],
 [50, 0, 0.1, 0.5033853638279193, 0.5251908213805638, 0.5318461472993363],
 [50, 0, 1, 0.5095417069909038, 1.8465119922278532, 0.6625208044354978],
 [50, 1, 0.01, 0.4930424938357171, 0.5009275879574644, 0.5104188588605917],
 [50, 1, 0.1, 0.5057843817377622, 0.5541978379089891, 0.4977725192209946],
 [50, 1, 1, 0.4557763279280871, 3.209694260245994, 0.6633169276970821],
 [50, 2, 0.01, 0.4637274590977161, 0.4840146039656843, 0.47085532959056287],
 [50, 2, 0.1, 0.4303033324169384, 0.5578857009811662, 0.4741322636381727],
 [50, 2, 1, 0.42015802699984395, 1.400439058847291, 0.4470549589536567],
 [50, 3, 0.01, 0.3096560592494764, 0.35349983272912694, 0.3194489148301271],
 [50, 3, 0.1, 0.31960989988503863, 0.3393276686283687, 0.32461295561656184],
 [50, 3, 1, 0.3106640549976198, 1.8873940308041337, 0.4275205745285408],
 [50, 4, 0.01, 0.207447506054295, 0.23920192532625384, 0.24329716739319474],
 [50, 4, 0.1, 0.21532130345725617, 0.25374002588765976, 0.23486356034609143],
 [50, 4, 1, 0.21355681613944405, 2.9287057682931206, 4.9285818172585],
 [50, 5, 0.01, 0.21678741761643178, 0.2126369204109721, 0.20623202947707664],
 [50, 5, 0.1, 0.19321121128403854, 0.22953950666197948, 0.21637766615399423],
 [50, 5, 1, 0.20187238690183767, 1.4103327747412517, 1.3349843632710527],
 [50, 6, 0.01, 0.20424425356601175, 0.23530219486744305, 0.22031697607704798],
 [50, 6, 0.1, 0.2043985895284174, 0.2562284123000791, 0.21731752731650664],
 [50, 6, 1, 0.19383086911434616, 1.4456343497127033, 0.2798135472357795],
 [50, 7, 0.01, 0.20714089228988866, 0.25319684772795553, 0.2248388804458015],
 [50, 7, 0.1, 0.201009426701108, 0.2688114451212197, 0.21617256601117898],
 [50, 7, 1, 0.19665099890181378, 0.9047274991143546, 0.7813924194608299],
 [50, 8, 0.01, 0.2175297564079358, 0.2555419152768938, 0.23221020124046554],
 [50, 8, 0.1, 0.20782893578498668, 0.27828904237040836, 0.24831081449553233],
 [50, 8, 1, 0.21779572976036418, 2.080767867588723, 2.2132458527351107],
 [50, 9, 0.01, 0.20102702875975648, 0.24300611672389977, 0.22920732401821306],
 [50, 9, 0.1, 0.20764187427073097, 0.27757095329327397, 0.23542564598271157],
 [50, 9, 1, 0.2068484928917529, 2.1182961468826687, 0.24278310110045448],
 [50, 10, 0.01, 0.22177374229358665, 0.22384951009733906, 0.22586349521046703],
 [50, 10, 0.1, 0.21707585669926882, 0.2649446840631581, 0.232588929009624],
 [50, 10, 1, 0.21034302807736807, 3.6135584564781182, 0.4562513003812594],
 [50, 11, 0.01, 0.1950723587385353, 0.27091201290452455, 0.23379079411477777],
 [50, 11, 0.1, 0.2126832374344295, 0.23692089448345444, 0.20930361207936732],
 [50, 11, 1, 0.20511180021622785, 1.9419635077911228, 2.113487954106062],
 [50, 12, 0.01, 0.19633918170017878, 0.23860874085227768, 0.21073120641716894],
 [50, 12, 0.1, 0.19636719851851048, 0.22713445783035952, 0.21163904895436259],
 [50, 12, 1, 0.19953780905149512, 1.470182655221816, 1.217417569885954],
 [50, 13, 0.01, 0.20536895581859443, 0.2022930076159501, 0.21267796953566276],
 [50, 13, 0.1, 0.1959820091455478, 0.23292706968998056, 0.2389750381290727],
 [50, 13, 1, 0.19689444281894172, 1.2749981867499833, 1.1876951241388642],
 [50, 14, 0.01, 0.19096574435096536, 0.2146938865171728, 0.19615392599308584],
 [50, 14, 0.1, 0.1957706348503982, 0.2292882481051441, 0.26026203735053544],
 [50, 14, 1, 0.1853797206247862, 3.742666168383729, 0.9660257286852022],
 [50, 15, 0.01, 0.18938505691307125, 0.21149515105244157, 0.18782247862265175],
 [50, 15, 0.1, 0.1837958047691453, 0.2282392983568017, 0.20929980318429353],
 [50, 15, 1, 0.17607235988390693, 2.3186419146469532, 0.415082495998266],
 [50, 16, 0.01, 0.1805309223147219, 0.1972857944207225, 0.19871870816347728],
 [50, 16, 0.1, 0.1776356244733362, 0.2521672738573443, 0.22352720234734172],
 [50, 16, 1, 0.1752538867512501, 3.3532320795168205, 1.3423459041417685],
 [50, 17, 0.01, 0.16325243014411295, 0.2549127802104819, 0.20377315298891777],
 [50, 17, 0.1, 0.1801916064161562, 0.22161302462645277, 0.20572778776823225],
 [50, 17, 1, 0.17705439582990476, 2.6281338040592153, 4.630450638114022],
 [50, 18, 0.01, 0.18591638571065763, 0.19799548279530804, 0.1783433348541107],
 [50, 18, 0.1, 0.16948839261390397, 0.21203384680626974, 0.1854641412174257],
 [50, 18, 1, 0.16240275708520752, 3.716196348249914, 0.4835126192777968],
 [50, 19, 0.01, 0.16644115245653227, 0.18652563240337774, 0.18565236871136032],
 [50, 19, 0.1, 0.17291770243867471, 0.19444413649871634, 0.20208992584928448],
 [50, 19, 1, 0.18274636033101324, 0.9160305644697196, 0.6036137402815018],
 [50, 20, 0.01, 0.16768873527758899, 0.192582436309417, 0.1783909965000582],
 [50, 20, 0.1, 0.16591731832358378, 0.21712993693576127, 0.21269964211951053],
 [50, 20, 1, 0.17230720882858547, 1.3864251222089294, 0.22023919167275324],
 [100, 0, 0.01, 0.5008626482988967, 0.5061997977123089, 0.4979722060392633],
 [100, 0, 0.1, 0.4830363965748054, 0.5224893922568901, 0.509470968776771],
 [100, 0, 1, 0.5057578663510564, 1.1717763163449997, 0.9950366166398815],
 [100, 1, 0.01, 0.4940501563692708, 0.5049224195721866, 0.48969244384023913],
 [100, 1, 0.1, 0.4850283865902096, 0.5437039564916175, 0.501667476048545],
 [100, 1, 1, 0.5044399803686448, 2.6320354620932767, 1.8695007280568168],
 [100, 2, 0.01, 0.46090709871580005, 0.4885374383973442, 0.46556051093311673],
 [100, 2, 0.1, 0.47195075057400054, 0.4859535776896734, 0.4668720646569953],
 [100, 2, 1, 0.4397891883253622, 1.2651632866109535, 0.8030173563921279],
 [100, 3, 0.01, 0.3118989903866151, 0.3225044931311159, 0.32432058205884606],
 [100, 3, 0.1, 0.32499104156968056, 0.36380590839489235, 0.34423135695266177],
 [100, 3, 1, 0.31490491960117545, 1.3591114667721804, 0.4979093572882142],
 [100, 4, 0.01, 0.2190432835375352, 0.24138851362401317, 0.2413853498409101],
 [100, 4, 0.1, 0.21236698854553238, 0.2512622681644645, 0.22940575607799657],
 [100, 4, 1, 0.22622433817269724, 2.4859929794847, 0.3090825077549061],
 [100, 5, 0.01, 0.21061155586426167, 0.20454999551920863, 0.1950049093522534],
 [100, 5, 0.1, 0.2062958415037878, 0.23303032236820748, 0.21503437331772107],
 [100, 5, 1, 0.2067712544770126, 2.4469082595290432, 0.3534327433813297],
 [100, 6, 0.01, 0.21734673040328129, 0.21942891539472748, 0.22187622357538195],
 [100, 6, 0.1, 0.2112266569760138, 0.23119675346898622, 0.22433181840937536],
 [100, 6, 1, 0.19631275743695759, 2.026725694748312, 0.8642296653833068],
 [100, 7, 0.01, 0.21739852482162197, 0.23156749169655394, 0.22697033574761175],
 [100, 7, 0.1, 0.20708186712148752, 0.25816377807579627, 0.30385316266773943],
 [100, 7, 1, 0.21064963880649473, 3.255160138959332, 1.8438638078703178],
 [100, 8, 0.01, 0.2277517702576032, 0.2457743499511756, 0.22679359622529457],
 [100, 8, 0.1, 0.22674190239070033, 0.24306642879617762, 0.22227032567329552],
 [100, 8, 1, 0.21950111396662972, 2.0803816817640097, 0.3338350681767809],
 [100, 9, 0.01, 0.2180771999518599, 0.23978839534354593, 0.23090967134072032],
 [100, 9, 0.1, 0.2299735748779454, 0.2566668354871128, 0.21171158459497683],
 [100, 9, 1, 0.22486317572273745, 2.313493828179829, 3.5074178757749808],
 [100, 10, 0.01, 0.21966238113345732, 0.23191546282848394, 0.2145923985442523],
 [100, 10, 0.1, 0.2161922236541288, 0.2405844188886403, 0.23277105248415234],
 [100, 10, 1, 0.22295725427056928, 1.7429444483970826, 0.970835845752612],
 [100, 11, 0.01, 0.20586340565483913, 0.22820977178323826, 0.22379432224208645],
 [100, 11, 0.1, 0.20413388746541844, 0.23025081568596026, 0.23454559593182556],
 [100, 11, 1, 0.20568710391740072, 1.4518496187465275, 0.26037342292542487],
 [100, 12, 0.01, 0.20522799868205954, 0.21213301841430568, 0.20907881690134594],
 [100, 12, 0.1, 0.2008686154192926, 0.23406158792648163, 0.21923627923928618],
 [100, 12, 1, 0.20363899199581334, 3.3359350402642995, 2.848292603247242],
 [100, 13, 0.01, 0.1896234945976842, 0.20765416366023975, 0.20850405657038262],
 [100, 13, 0.1, 0.20235467219701145, 0.2291052579824177, 0.20280505764143328],
 [100, 13, 1, 0.19176107633372075, 3.0980260209683155, 6.936336628460278],
 [100, 14, 0.01, 0.19274851282621933, 0.19735386620422374, 0.1870910738856704],
 [100, 14, 0.1, 0.19135048465520543, 0.21294939415041406, 0.19600194154031766],
 [100, 14, 1, 0.18840878972846037, 2.6388393349260606, 1.2604095793650467],
 [100, 15, 0.01, 0.1809958285148045, 0.1969156092570064, 0.18129940194713323],
 [100, 15, 0.1, 0.18126057405433618, 0.21997218659299828, 0.1845573948524881],
 [100, 15, 1, 0.1899194330378254, 1.7428251783704205, 1.2765335956139854],
 [100, 16, 0.01, 0.18254785409726018, 0.188990016508851, 0.19904014675522005],
 [100, 16, 0.1, 0.18016272501388014, 0.2180161294094114, 0.19811565631287195],
 [100, 16, 1, 0.1823268726311707, 0.9197756116551636, 0.5806626282601631],
 [100, 17, 0.01, 0.18181304621112065, 0.19309484482193268, 0.1948792853524885],
 [100, 17, 0.1, 0.17727473925598528, 0.19122390773947703, 0.1829677487449132],
 [100, 17, 1, 0.17546651522022408, 0.8845262773282787, 0.9645649731711199],
 [100, 18, 0.01, 0.1808449073516658, 0.1821728880894127, 0.1822881883430573],
 [100, 18, 0.1, 0.17067622622990877, 0.21832165913487506, 0.17044298175591036],
 [100, 18, 1, 0.17488099852281314, 1.4775209443113888, 0.35407225786344393],
 [100, 19, 0.01, 0.16846105594418456, 0.18001038609271255, 0.1766263112782308],
 [100, 19, 0.1, 0.16756932908187752, 0.18455481019487216, 0.1779457106582816],
 [100, 19, 1, 0.16813915105927063, 2.2573056871748394, 3.514498288398109],
 [100, 20, 0.01, 0.18147220802744718, 0.17850703562839, 0.17721868546071737],
 [100, 20, 0.1, 0.17189117645186314, 0.19597230430276266, 0.18128445447736657],
 [100, 20, 1, 0.17344136311828845, 1.9599539716219272, 2.368322255976615],
 [200, 0, 0.01, 0.4851270758372582, 0.49996918212351915, 0.5024138853232644],
 [200, 0, 0.1, 0.4880886475895883, 0.5053828564758059, 0.5009299860919614],
 [200, 0, 1, 0.4995474240513224, 2.3644401855476405, 2.8637074852418336],
 [200, 1, 0.01, 0.48357054176795355, 0.5022315928095942, 0.5195277654137724],
 [200, 1, 0.1, 0.49071665000619313, 0.5100673252645437, 0.5206620792147817],
 [200, 1, 1, 0.4869927832943091, 1.7098960062452193, 0.6341896460471093],
 [200, 2, 0.01, 0.4605107375446046, 0.47536145474534164, 0.47635223180727426],
 [200, 2, 0.1, 0.45848890761049965, 0.48963144310084517, 0.48362811636933745],
 [200, 2, 1, 0.4740300686601455, 1.801654288113165, 0.5198234028890905],
 [200, 3, 0.01, 0.3092842040259972, 0.32542297900216144, 0.3228922731878197],
 [200, 3, 0.1, 0.30479248550603294, 0.3268684233076143, 0.3176958701120052],
 [200, 3, 1, 0.3143488873537703, 2.2458128943525417, 0.4331497178887048],
 [200, 4, 0.01, 0.22724150492850165, 0.22789282022063376, 0.21377136828435006],
 [200, 4, 0.1, 0.2251039230309233, 0.25658766634224417, 0.23361076363121147],
 [200, 4, 1, 0.22751280475771365, 1.9011151437211402, 5.919807386602128],
 [200, 5, 0.01, 0.20296817481475773, 0.21275384245263065, 0.2103890988207607],
 [200, 5, 0.1, 0.20680346483535725, 0.23256203793025607, 0.21457429567871808],
 [200, 5, 1, 0.20174853752977023, 1.4048463768543415, 1.735657057740623],
 [200, 6, 0.01, 0.20990760186551016, 0.22243087518760984, 0.20203797278104577],
 [200, 6, 0.1, 0.2119089373764605, 0.23159632118663548, 0.2157907117852316],
 [200, 6, 1, 0.2115435986496786, 2.972751816474032, 0.2309899092702185],
 [200, 7, 0.01, 0.22970157745387182, 0.223058661318667, 0.22346444065926385],
 [200, 7, 0.1, 0.2228285764710154, 0.2649463227206175, 0.22507231397580355],
 [200, 7, 1, 0.21838282783705112, 1.7051012587447292, 1.034515202310838],
 [200, 8, 0.01, 0.22441354639831207, 0.23771261785672748, 0.2283037396515234],
 [200, 8, 0.1, 0.22519543742461162, 0.2531433541235388, 0.23220993355847547],
 [200, 8, 1, 0.22570488117125193, 2.2413535926957806, 1.3223755014704115],
 [200, 9, 0.01, 0.22627839282474552, 0.23096744269532565, 0.22431400939319104],
 [200, 9, 0.1, 0.2238583996401456, 0.2444318090566524, 0.23350656080029775],
 [200, 9, 1, 0.22750643892149883, 1.2271694616932105, 0.2768765533866361],
 [200, 10, 0.01, 0.2186980825720915, 0.22634520670261438, 0.2202920651143555],
 [200, 10, 0.1, 0.22072227525902108, 0.23293708176887126, 0.23592376541360557],
 [200, 10, 1, 0.21596487256665062, 2.5516792947821516, 0.9209844876422144],
 [200, 11, 0.01, 0.21087925047179384, 0.21687382179005726, 0.20236940483916685],
 [200, 11, 0.1, 0.21157756371568864, 0.23877490934059448, 0.22921544755389925],
 [200, 11, 1, 0.21408187447813076, 2.828405342357939, 0.4578747739854372],
 [200, 12, 0.01, 0.20616580037852703, 0.21079329723227175, 0.19706448254288478],
 [200, 12, 0.1, 0.21017149924381165, 0.22673046198527946, 0.21924139607663842],
 [200, 12, 1, 0.2052715957964939, 4.255011401400584, 1.097157896248707],
 [200, 13, 0.01, 0.19281028238466905, 0.20925538323408754, 0.19389638308582288],
 [200, 13, 0.1, 0.19485475044268052, 0.22337319024239227, 0.19728885129716955],
 [200, 13, 1, 0.19023946744203193, 3.633081653011208, 3.1742563220087074],
 [200, 14, 0.01, 0.1864338865449019, 0.19634684010169712, 0.1808130519191843],
 [200, 14, 0.1, 0.1846600859699244, 0.22350006534888292, 0.20170507357219558],
 [200, 14, 1, 0.18824693667532988, 3.2056188770512106, 0.6375724498801854],
 [200, 15, 0.01, 0.19049164705159416, 0.19202541049007935, 0.18382475983232324],
 [200, 15, 0.1, 0.18283520390154115, 0.2132416786352767, 0.1803949431453006],
 [200, 15, 1, 0.18159662678828453, 1.6825843910010427, 0.4916024374311268],
 [200, 16, 0.01, 0.17752912047447167, 0.18353648619924764, 0.18830095468919175],
 [200, 16, 0.1, 0.18192687543019667, 0.21618730435624828, 0.17727582235043382],
 [200, 16, 1, 0.17900799181871113, 1.4991392937139343, 1.6307495755951444],
 [200, 17, 0.01, 0.18204217346444204, 0.18182409702268185, 0.17457120768511247],
 [200, 17, 0.1, 0.17550524778270316, 0.22277859842695183, 0.1845319259744082],
 [200, 17, 1, 0.17445876548538397, 2.5809585326371143, 0.419457655468265],
 [200, 18, 0.01, 0.17263996537002596, 0.1761896662027218, 0.17494392015308197],
 [200, 18, 0.1, 0.1721305175771513, 0.18888894423879457, 0.2309147521228296],
 [200, 18, 1, 0.17789161650083551, 2.8962529468454243, 1.295328293764745],
 [200, 19, 0.01, 0.17356601286557083, 0.17615278083105404, 0.173430597654932],
 [200, 19, 0.1, 0.16865925319606398, 0.1985995577431154, 0.18602382902727654],
 [200, 19, 1, 0.16696091552178527, 0.9066495909499984, 6.476553173968593],
 [200, 20, 0.01, 0.17273215281808257, 0.17273352034388895, 0.16042684390582065],
 [200, 20, 0.1, 0.17107142175126405, 0.19972158902550632, 0.17898466531100796],
 [200, 20, 1, 0.16932521102458215, 2.639703610198373, 2.0121798188075135]]
