[[2, 0, 0.01, 0.20202099866399376, 0.7013795408862928, 0.559719289726605],
 [2, 0, 0.1, 0.24323448736000758, 0.8126194045945578, 0.5044950827359582],
 [2, 0, 1, 0.21422772215353142, 3.70360098010457, 0.6832181373378134],
 [2, 1, 0.01, 0.0009204037032872111, 1.9461148745434642, 0.6022332389563443],
 [2, 1, 0.1, 0.0033297204331698615, 2.0054265632357327, 0.7952537158910008],
 [2, 1, 1, 0.009048009687831673, 3.6901402499193052, 1.0113130734638134],
 [2, 2, 0.01, 0.0032554254769771385, 1.6387892836286144, 0.6725325682193629],
 [2, 2, 0.1, 0.0026616688166338077, 1.6775627176473418, 1.002477890829577],
 [2, 2, 1, 0.002009650159076173, 3.9528690423565216, 0.5256013964064618],
 [2, 3, 0.01, 0.0040339888664765585, 2.492629104756559, 0.9856796867723085],
 [2, 3, 0.1, 0.0028859660573837985, 2.1789550172334815, 0.7567652466601585],
 [2, 3, 1, 0.004328375363788819, 3.837511879664512, 2.7719268202251657],
 [2, 4, 0.01, 0.001485020937263963, 2.38572865944911, 1.0691366238430233],
 [2, 4, 0.1, 0.001257271485908999, 2.6803191922111322, 0.9860015900763562],
 [2, 4, 1, 0.003582803248127175, 2.952946354396445, 0.5463404040455014],
 [2, 5, 0.01, 0.003473181286965777, 1.8711508200030174, 0.7296254813826376],
 [2, 5, 0.1, 0.00051283659763446, 2.2919994430166852, 0.607490849133678],
 [2, 5, 1, 0.00047003364462360457, 3.755923735532671, 1.08370145304653],
 [2, 6, 0.01, 0.0026130339703316747, 1.4594992608903783, 0.47112141555326825],
 [2, 6, 0.1, 0.001724704974126814, 2.4861068641473176, 1.2719912396513846],
 [2, 6, 1, 0.0011526486273379772, 3.2241823758205093, 5.4061416124744435],
 [2, 7, 0.01, 0.001282311362081861, 1.1380592011400366, 0.4280549915533524],
 [2, 7, 0.1, 0.002570910540045532, 2.185786541473134, 0.6740924715407155],
 [2, 7, 1, 0.0032650503166083483, 4.160248529381788, 0.45166481974911465],
 [2, 8, 0.01, 0.0044963421103610115, 2.060535661716278, 0.9417103515971207],
 [2, 8, 0.1, 0.0003439778941775836, 3.1106138860475374, 1.6295509311312795],
 [2, 8, 1, 0.0030764633165798016, 3.168967739708198, 0.593070477472129],
 [2, 9, 0.01, 0.0012322140430134098, 2.1085618265697725, 0.8800963425516835],
 [2, 9, 0.1, 0.0029921119549330636, 1.865122994950757, 0.49913211703228594],
 [2, 9, 1, 0.00011829913560535523, 4.930549463180432, 8.14992249292466],
 [2, 10, 0.01, 0.0028279432834297895, 3.0502124296118653, 1.4524598281156198],
 [2, 10, 0.1, 0.0004471332435410188, 2.97785767353489, 1.2708345288720737],
 [2, 10, 1, 0.0018686987037902214, 3.513118360170619, 0.5843560985606128],
 [2, 11, 0.01, 0.0009421742112104721, 2.5366215179209037, 0.7139892072009419],
 [2, 11, 0.1, 0.0010462423100789002, 1.9933615788362828, 0.6433213344803285],
 [2, 11, 1, 0.0020444000385042927, 4.2220458460839065, 0.4159404483688329],
 [2, 12, 0.01, 0.0008404941514557534, 2.131264820181495, 0.998623143635698],
 [2, 12, 0.1, 0.0008228574256336808, 1.5703089951737925, 0.6520180133341396],
 [2, 12, 1, 0.0003475852094214077, 4.063322411585561, 2.3876253363825026],
 [2, 13, 0.01, 0.0021756268100843732, 2.0983519484286868, 0.751652114717935],
 [2, 13, 0.1, 0.001567413772760667, 2.907745284177713, 1.1887185868319532],
 [2, 13, 1, 0.0023908022835068656, 3.3690719481816975, 0.5929457423008859],
 [2, 14, 0.01, 0.0027975375979819705, 1.5374336799385797, 0.4930765460967126],
 [2, 14, 0.1, 0.0017662426903358483, 2.9871339515292084, 1.2455845844982314],
 [2, 15, 0.01, 0.0009978040250554479, 3.327321666792961, 1.7703171858515931],
 [2, 15, 0.1, 0.001232145570391217, 1.9095795884756275, 0.7819246329018226],
 [2, 15, 1, 0.001840818931906989, 1.978360305655496, 5.182017709314113],
 [2, 16, 0.01, 0.0025802166999612424, 1.8094642934290774, 0.5732625126056403],
 [2, 16, 1, 0.00066107740434829, 3.4950335923934004, 0.8644301571713653],
 [2, 17, 0.01, 0.004344882479197053, 2.232965512202561, 0.5748680325622911],
 [2, 17, 0.1, 0.001459012689298022, 2.4528111432061785, 0.7854658269522974],
 [2, 17, 1, 0.0021171764658033856, 2.8504551371928626, 1.092439576109552],
 [2, 18, 0.01, 0.0013341415865850243, 2.4090654038519945, 0.6814423216636755],
 [2, 18, 0.1, 0.0010043339350386507, 1.7349745385370376, 0.6280108039357091],
 [2, 18, 1, 0.001032210232285094, 2.5208802469784053, 0.6135224083966259],
 [2, 19, 0.01, 0.0002654841749584533, 2.3575083002773765, 0.809084692473108],
 [2, 19, 0.1, 0.0030604421314886286, 2.6726138999611493, 1.1956174869835052],
 [2, 19, 1, 0.0008885681186125968, 5.695846285514913, 0.49042956064282817],
 [2, 20, 0.01, 0.0018421965502699467, 1.865053735692215, 0.5143001901596522],
 [2, 20, 0.1, 0.0019085758648138564, 1.7045377154469912, 0.5300594343528562],
 [5, 0, 0.01, 0.38942767352069985, 0.6153112408914868, 0.5004726661812472],
 [5, 0, 0.1, 0.46733218623837364, 0.6350207023959034, 0.4955562239699213],
 [5, 0, 1, 0.387411453582312, 1.7184473635050168, 0.5274985313361915],
 [5, 1, 0.01, 0.2596278713468334, 1.4351541855584062, 0.6179886915838313],
 [5, 1, 0.1, 0.20901112610678613, 1.2972433685563, 0.68669981685371],
 [5, 1, 1, 0.20256977425783967, 3.532721367808312, 2.5566890132088003],
 [5, 2, 0.01, 0.10728896570328321, 1.4197542442230042, 0.5950242575096568],
 [5, 2, 0.1, 0.11695785606291298, 0.9017381636719877, 0.3717774436979192],
 [5, 2, 1, 0.09434622188547045, 2.745378959709405, 0.6121303575602488],
 [5, 3, 0.01, 0.05209772207617406, 1.1701890570542166, 0.28534837958959114],
 [5, 3, 0.1, 0.05596595802924313, 0.662042353684195, 0.2729473596329594],
 [5, 3, 1, 0.060948086323833604, 2.315672150867352, 1.4000505941288703],
 [5, 4, 0.01, 0.04924650737362744, 0.5324377558619767, 0.11467887593153554],
 [5, 4, 0.1, 0.05387907880128821, 0.44699554364203004, 0.1296306990537076],
 [5, 4, 1, 0.04222917330710011, 3.529049553675784, 1.7658198864994612],
 [5, 5, 0.01, 0.030294224208769694, 0.7567311806612598, 0.1880618934521185],
 [5, 5, 0.1, 0.033648778274263866, 1.0886771267930053, 0.19672999226783155],
 [5, 5, 1, 0.0322391229330383, 2.406320279500849, 1.470455129261775],
 [5, 6, 0.01, 0.03028454413376831, 0.9331080869779264, 0.22657478863197125],
 [5, 6, 0.1, 0.039336006252903816, 0.8522522297434388, 0.15042615514956964],
 [5, 6, 1, 0.043780316196358526, 2.0832664630283046, 1.9166174903424358],
 [5, 7, 0.01, 0.034611490941213505, 0.7855831445407169, 0.19560826232988898],
 [5, 7, 0.1, 0.04137407799407942, 1.046669520282326, 0.1464496283485626],
 [5, 7, 1, 0.025395439504885004, 2.092592668171375, 0.17031395286489848],
 [5, 8, 0.01, 0.02053518944386786, 0.7729714188809037, 0.1891593567976354],
 [5, 8, 0.1, 0.04818435149023502, 0.5442265812041592, 0.1522946710648668],
 [5, 8, 1, 0.027338088321558197, 3.428571677988953, 2.4744109936538763],
 [5, 9, 0.01, 0.026591464901561057, 0.5384936977737487, 0.27387788483255376],
 [5, 9, 0.1, 0.041698024541842287, 0.5111676390527029, 0.23833522641671198],
 [5, 9, 1, 0.037691004744427326, 2.2829139541150116, 0.6390831565036786],
 [5, 10, 0.01, 0.034296314628382785, 0.5609429959822446, 0.1799905282910453],
 [5, 10, 0.1, 0.03674417149119126, 0.5967524089903534, 0.3273864299426331],
 [5, 10, 1, 0.03526702152505338, 3.368896717131279, 0.19646768698751227],
 [5, 11, 0.01, 0.030581373088791657, 1.0555143828600024, 0.1821568587421284],
 [5, 11, 0.1, 0.038959922848573816, 1.2139891047386893, 0.21786840597191134],
 [5, 11, 1, 0.03272507741705006, 2.9600841068693264, 1.6712552324981604],
 [5, 12, 0.01, 0.02867024654171762, 0.9177314240107061, 0.2216017301355201],
 [5, 12, 0.1, 0.033478898921807124, 0.7889585545402517, 0.22392949661563458],
 [5, 12, 1, 0.03393636430898565, 2.2291434038065265, 0.5815083943439893],
 [5, 13, 0.01, 0.03152393757411158, 0.9895884084508282, 0.2395362668227942],
 [5, 13, 0.1, 0.036304266635089205, 1.2360771039513845, 0.3772038939076595],
 [5, 13, 1, 0.03320508182018138, 3.2518164076573095, 0.8014962010721769],
 [5, 14, 0.01, 0.024461263755091545, 1.0955254687421436, 0.22932489417095273],
 [5, 14, 0.1, 0.02980629291559051, 0.697082805487892, 0.22447344444495357],
 [5, 14, 1, 0.023393636943216067, 2.0714675859690628, 0.746215246715244],
 [5, 15, 0.01, 0.024925560534925114, 0.8449541442308949, 0.33031391082940853],
 [5, 15, 0.1, 0.027371895644122644, 0.8654217288074484, 0.2697639335357009],
 [5, 15, 1, 0.03590749105946465, 2.8294043383572314, 0.19947755494023406],
 [5, 16, 0.01, 0.029914826214670592, 1.2158457582141349, 0.24986521212907697],
 [5, 16, 0.1, 0.02739050172244345, 1.295474671541347, 0.25357231991353246],
 [5, 16, 1, 0.042871388765137707, 4.932294193585602, 0.25122431474076234],
 [5, 17, 0.01, 0.028733804776609084, 0.97955776628762, 0.3663835700710379],
 [5, 17, 0.1, 0.03661385140088222, 1.168308807288367, 0.20691712807770263],
 [5, 17, 1, 0.036752703707913864, 2.489779142611625, 1.268285128532875],
 [5, 18, 0.01, 0.025357787011391197, 0.7319309793881363, 0.23825643324889093],
 [5, 18, 0.1, 0.04089727712575203, 0.9040416831656495, 0.41373603337022574],
 [5, 18, 1, 0.03214287918544616, 2.8656141413560885, 0.36823597246814976],
 [5, 19, 0.01, 0.02808696345875581, 1.8308473846320878, 0.30675504364225264],
 [5, 19, 0.1, 0.034147826153547736, 0.9312890666320042, 0.2607572307692073],
 [5, 19, 1, 0.03335068101923566, 2.9524120098430573, 0.5156612919631789],
 [5, 20, 0.01, 0.03144968850564427, 0.9790645547398269, 0.45303903441350624],
 [5, 20, 0.1, 0.030497017457469196, 0.9728069911570861, 0.3097938611598321],
 [5, 20, 1, 0.03698957205360176, 3.557572060172901, 0.49610927826318835],
 [10, 0, 0.01, 0.41982100186468624, 0.5383114703402265, 0.5112189145316153],
 [10, 0, 0.1, 0.42269316639022864, 0.5850832410018351, 0.5224037881279965],
 [10, 0, 1, 0.43913582279526686, 1.8907342438555623, 1.1646387357556378],
 [10, 1, 0.01, 0.42008554588161023, 0.6045294484773435, 0.509458094374498],
 [10, 1, 0.1, 0.3827440111122732, 0.8982097793587828, 0.52875691290819],
 [10, 1, 1, 0.35943867920657613, 3.539551938066348, 0.6937343861835112],
 [10, 2, 0.01, 0.19781701594473808, 0.2537902087983581, 0.21682910309459605],
 [10, 2, 0.1, 0.18949582051945205, 0.37204652971234503, 0.26615637944524645],
 [10, 2, 1, 0.15323584449962685, 3.2039494631037635, 3.2860835924281413],
 [10, 3, 0.01, 0.07198237319491599, 0.16341386180614187, 0.10265034682964623],
 [10, 3, 0.1, 0.0776220541227273, 0.2185852692646451, 0.16425142204965454],
 [10, 3, 1, 0.07220021627909194, 2.4953557066931227, 0.2859176667940306],
 [10, 4, 0.01, 0.05723728270835351, 0.43719026750990553, 0.09452750580108292],
 [10, 4, 0.1, 0.061820909184666706, 0.22714637418840816, 0.10892506571742093],
 [10, 4, 1, 0.05922388148556958, 1.8053040289163458, 0.21332050720526005],
 [10, 5, 0.01, 0.06267835650627895, 0.21844622076774897, 0.11428524275258885],
 [10, 5, 0.1, 0.059992075620790085, 0.2516282989790538, 0.10504764902412828],
 [10, 5, 1, 0.061294327127675206, 2.0085876204290125, 0.5640021099123403],
 [10, 6, 0.01, 0.061092064908830734, 0.20719500716048503, 0.13965907393999086],
 [10, 6, 0.1, 0.05765427430558032, 0.23850946359840258, 0.11985676859012713],
 [10, 6, 1, 0.0726939340989986, 1.338139883503817, 0.588835626131871],
 [10, 7, 0.01, 0.06777403335216536, 0.24720764435741294, 0.1257568349719873],
 [10, 7, 0.1, 0.06920495605312219, 0.229663288260643, 0.1418192162427356],
 [10, 7, 1, 0.06716764310045359, 1.4962209559947968, 0.36488243248681845],
 [10, 8, 0.01, 0.06955680573581006, 0.2548719783675696, 0.12616697729068133],
 [10, 8, 0.1, 0.0630167553757793, 0.5594407674173298, 0.14853893483487637],
 [10, 8, 1, 0.06386965112362361, 1.9098535054364763, 0.3879218069279841],
 [10, 9, 0.01, 0.06811125277836205, 0.3289425528594875, 0.17622356084240265],
 [10, 9, 0.1, 0.059215670189381786, 0.4579445808638707, 0.164880882699655],
 [10, 9, 1, 0.05136231791564692, 2.4996009641540704, 0.2656198833856934],
 [10, 10, 0.01, 0.0614298204986047, 0.32433244165538794, 0.14522288600408154],
 [10, 10, 0.1, 0.05176187043362207, 0.49825212479798325, 0.22326940871035453],
 [10, 10, 1, 0.06263569569321055, 1.5018604036515542, 0.8982476310193825],
 [10, 11, 0.01, 0.06259048873737263, 0.27025561640254053, 0.13608660553969454],
 [10, 11, 0.1, 0.045175648707763846, 0.5770773367334856, 0.2900507973799559],
 [10, 11, 1, 0.0657669437307063, 2.6149581448945414, 6.243651119110752],
 [10, 12, 0.01, 0.05795502178099332, 0.41333272094166507, 0.1898118941165681],
 [10, 12, 0.1, 0.04735923053316602, 0.4838152214461419, 0.2198871896107447],
 [10, 12, 1, 0.05143629289348293, 2.313152788308575, 0.7959068653399093],
 [10, 13, 0.01, 0.04980735899747529, 0.4114388913286203, 0.1664021943556461],
 [10, 13, 0.1, 0.05789163506319857, 0.43547365583927256, 0.123746005259847],
 [10, 13, 1, 0.06065312056962193, 1.8555282396112645, 0.8305689306091483],
 [10, 14, 0.01, 0.04821736704078923, 0.4695646057417341, 0.26522215575324865],
 [10, 14, 0.1, 0.05299251969518657, 0.4802094776395706, 0.24990807884435154],
 [10, 14, 1, 0.05495740054291889, 2.9218696395947408, 3.369217672677477],
 [10, 15, 0.01, 0.040972422652824116, 0.4383041505819053, 0.147999783409847],
 [10, 15, 0.1, 0.05120956872114799, 0.6095775206897487, 0.35088481184410575],
 [10, 15, 1, 0.04932166675770176, 2.8076346416639337, 0.3139211499486522],
 [10, 16, 0.01, 0.04756122207024528, 0.4650261193174132, 0.20463781298287828],
 [10, 16, 0.1, 0.0490958412207307, 0.3318021435291435, 0.15475295340400377],
 [10, 16, 1, 0.051976011041897696, 2.1275277386367693, 0.37238305453433745],
 [10, 17, 0.01, 0.053510050315366334, 0.2218294022053251, 0.11417591594024808],
 [10, 17, 0.1, 0.05330712830168101, 0.31502074673597763, 0.16127572823378633],
 [10, 17, 1, 0.04588414306356878, 1.4282488951097054, 1.0556285036300521],
 [10, 18, 0.01, 0.04953156934863111, 0.390183429067844, 0.14491690834784632],
 [10, 18, 0.1, 0.04753849194637365, 0.31188592357678757, 0.1432909675286051],
 [10, 18, 1, 0.0411389191727432, 1.5466351511994598, 4.549686080385945],
 [10, 19, 0.01, 0.045066637608829604, 0.3466497200015879, 0.12167721136532512],
 [10, 19, 0.1, 0.04060718329586054, 0.43051353306031237, 0.18058486404085303],
 [10, 19, 1, 0.04522857578072509, 3.248238757773553, 0.5575405929134478],
 [10, 20, 0.01, 0.04652983427120058, 0.4887181584185303, 0.21327253911103786],
 [10, 20, 0.1, 0.04631000810380553, 0.4991582565030551, 0.15914357028665205],
 [10, 20, 1, 0.04998609758097842, 2.1989028156245447, 1.1784311054468473],
 [20, 0, 0.01, 0.4619596372057403, 0.5323245458889296, 0.48415796532576705],
 [20, 0, 0.1, 0.47677598981437946, 0.5427800216707992, 0.5075202187412396],
 [20, 0, 1, 0.47632861111919267, 1.7909665309731657, 0.7563954765936957],
 [20, 1, 0.01, 0.45705634014624064, 0.5391413808147911, 0.49785475550003355],
 [20, 1, 0.1, 0.46421743358099726, 0.558359603178363, 0.5044769139387015],
 [20, 1, 1, 0.4590296110794256, 2.661444813131697, 0.5925938321330033],
 [20, 2, 0.01, 0.18300141447990725, 0.26165432802103766, 0.22701914211187987],
 [20, 2, 0.1, 0.19789082893272952, 0.2827867567749884, 0.25894230277306163],
 [20, 2, 1, 0.20045299532612826, 1.2168375256546407, 0.9027097620392147],
 [20, 3, 0.01, 0.07257308392280439, 0.09758387608943317, 0.0787003912676033],
 [20, 3, 0.1, 0.08190091436994894, 0.13325463727230402, 0.10756368085449035],
 [20, 3, 1, 0.08295793255056987, 1.9575339235467382, 2.056355606032794],
 [20, 4, 0.01, 0.0679062479166098, 0.09118611758555138, 0.07641472819378665],
 [20, 4, 0.1, 0.06467271657632574, 0.09701029893684866, 0.08009722468038315],
 [20, 4, 1, 0.06244855539000651, 2.457077346166916, 0.492385151486695],
 [20, 5, 0.01, 0.07303522349474514, 0.11276723272370588, 0.09270549809907878],
 [20, 5, 0.1, 0.08194353815075948, 0.15881941770924082, 0.14000421478987196],
 [20, 5, 1, 0.07757876120216163, 4.79425700821808, 5.302732771092815],
 [20, 6, 0.01, 0.0764335417339743, 0.14943052115557326, 0.11234862834168753],
 [20, 6, 0.1, 0.0736159154001935, 0.1771609871113246, 0.15274278366366142],
 [20, 6, 1, 0.07838765297626873, 1.7340613796050668, 0.4548606212148122],
 [20, 7, 0.01, 0.08169362316316903, 0.16655135461250234, 0.12174677450991943],
 [20, 7, 0.1, 0.08069274723067062, 0.21087520286077663, 0.134387953041265],
 [20, 7, 1, 0.08270225126073624, 1.589996606072953, 0.7576358251549298],
 [20, 8, 0.01, 0.081284635413516, 0.2071542600184207, 0.1107325595530446],
 [20, 8, 0.1, 0.07740063549840638, 0.22464050125493396, 0.13969885570102833],
 [20, 8, 1, 0.08373420161951771, 3.112760449941816, 0.1285104745138515],
 [20, 9, 0.01, 0.08088513078395432, 0.18255938556256665, 0.116629843317188],
 [20, 9, 0.1, 0.07962339673266412, 0.17206284647927017, 0.10394976353615071],
 [20, 9, 1, 0.07302963158949095, 1.450759398161648, 0.1690116488947041],
 [20, 10, 0.01, 0.0760213157627349, 0.16873916371166392, 0.11148420441688636],
 [20, 10, 0.1, 0.06937541492324853, 0.2729767566100415, 0.15556160627055493],
 [20, 10, 1, 0.07402003277151775, 2.9042047135013287, 0.1565638334476625],
 [20, 11, 0.01, 0.06368224355513732, 0.32896153070934664, 0.1934558313489237],
 [20, 11, 0.1, 0.0694287831058703, 0.2153278637556549, 0.09978507812043937],
 [20, 11, 1, 0.06782920240326254, 2.5196604079515463, 0.18364284099650524],
 [20, 12, 0.01, 0.06612009863100313, 0.13590697242827848, 0.09171799032022414],
 [20, 12, 0.1, 0.06548355501745126, 0.13942245875304607, 0.11048665293122963],
 [20, 12, 1, 0.06632009590199883, 1.5209563449058732, 7.563255420131318],
 [20, 13, 0.01, 0.06034643644428552, 0.12932216579025352, 0.07383680502569186],
 [20, 13, 0.1, 0.058445348509685094, 0.2471164601389689, 0.10409313709427533],
 [20, 13, 1, 0.060330650068777913, 3.3441505839996695, 4.992136509266471],
 [20, 14, 0.01, 0.052828479537687364, 0.2530482192453298, 0.10519796219929167],
 [20, 14, 0.1, 0.057233370261039265, 0.16106043814936719, 0.09941525547582918],
 [20, 14, 1, 0.059466062304204384, 1.9995710663683313, 3.282425173816454],
 [20, 15, 0.01, 0.060125684620227424, 0.22174717607695257, 0.10808570874419286],
 [20, 15, 0.1, 0.054277093163627964, 0.10570994842119448, 0.07121510004897776],
 [20, 15, 1, 0.0541003288926041, 4.044453853833346, 0.11401056447467449],
 [20, 16, 0.01, 0.05308009556224116, 0.25384140803058036, 0.11993631274590599],
 [20, 16, 0.1, 0.053581964412845004, 0.35235082440971954, 0.11725755901802175],
 [20, 16, 1, 0.04664962174371988, 2.3167643322986256, 0.1494683458839032],
 [20, 17, 0.01, 0.05200271797077245, 0.10611404602004323, 0.07001514712853044],
 [20, 17, 0.1, 0.052627262923893345, 0.2100032443731429, 0.12265570359378627],
 [20, 17, 1, 0.05195386495967759, 2.0308482198603115, 0.42964941811511054],
 [20, 18, 0.01, 0.05321974758999835, 0.1556473147972807, 0.08283997843864709],
 [20, 18, 0.1, 0.05202157938006632, 0.19629579311592396, 0.08458474960754443],
 [20, 18, 1, 0.05624660669261541, 3.4464691851541267, 0.4264504367206056],
 [20, 19, 0.01, 0.05120324620890763, 0.35733025099103166, 0.14543222581739498],
 [20, 19, 0.1, 0.05505107207082406, 0.17130598877734943, 0.07620097629695792],
 [20, 19, 1, 0.052709005310771884, 1.5427173403173648, 0.10658786104127253],
 [20, 20, 0.01, 0.048114068328312255, 0.21387707769168823, 0.09780857460583664],
 [20, 20, 0.1, 0.048006003884071856, 0.2529271086001673, 0.08991216762396782],
 [20, 20, 1, 0.049341865288874034, 4.392261000539755, 1.4028017868371176],
 [50, 0, 0.01, 0.49899896718651177, 0.5045134915165255, 0.49228620792888916],
 [50, 0, 0.1, 0.48563575334381415, 0.5596490846299143, 0.4811707413644001],
 [50, 0, 1, 0.4758781401431909, 1.8531644400032412, 0.764790909046181],
 [50, 1, 0.01, 0.4904076272057307, 0.5124101583142282, 0.5078610022895289],
 [50, 1, 0.1, 0.4952636238042949, 0.5290414400258744, 0.5120698743604493],
 [50, 1, 1, 0.49643110635877885, 2.7255727697074783, 0.5238180192617823],
 [50, 2, 0.01, 0.19742875186048067, 0.21041287038604994, 0.19939407407919943],
 [50, 2, 0.1, 0.1907060432612422, 0.23527624710371625, 0.2724574267322962],
 [50, 2, 1, 0.18567627902123154, 2.2784034125928345, 3.5467984832882897],
 [50, 3, 0.01, 0.07580209527068349, 0.08371584695789096, 0.08260630367612899],
 [50, 3, 0.1, 0.07604057814348622, 0.09868621098385202, 0.08356620752551731],
 [50, 3, 1, 0.07690438558759585, 1.3811584725459225, 2.27468582110964],
 [50, 4, 0.01, 0.06916182678346541, 0.08167662983610381, 0.07581269899846102],
 [50, 4, 0.1, 0.06726422855105789, 0.10839398752056609, 0.08828045268457997],
 [50, 4, 1, 0.06690231475037621, 2.1747071976369563, 0.30497248028100366],
 [50, 5, 0.01, 0.07767001681581659, 0.11082268645600539, 0.09325004086164876],
 [50, 5, 0.1, 0.07938065753855253, 0.11942875738297294, 0.103001693730029],
 [50, 5, 1, 0.08026602580487195, 1.8477101787537449, 0.09789350067809861],
 [50, 6, 0.01, 0.08824961462458225, 0.11892681946613588, 0.11033290148943208],
 [50, 6, 0.1, 0.09473408661861554, 0.14595253106376344, 0.1278830354269029],
 [50, 6, 1, 0.09152072543274625, 2.342535776902123, 0.4771334149393504],
 [50, 7, 0.01, 0.09143718458820205, 0.12398653863549267, 0.10747600791699433],
 [50, 7, 0.1, 0.10093362196967533, 0.13879045400788387, 0.14034116987961254],
 [50, 7, 1, 0.09694794469461375, 1.9501880837200638, 0.5417139541661422],
 [50, 8, 0.01, 0.09029880666721589, 0.11711911979542203, 0.10536529687014626],
 [50, 8, 0.1, 0.09060348584442814, 0.1298943518333427, 0.10159767827135202],
 [50, 8, 1, 0.09204797041641506, 1.7076340341750007, 2.856278347039612],
 [50, 9, 0.01, 0.08372246253015679, 0.10933010765763718, 0.09262441033321613],
 [50, 9, 0.1, 0.08354034173499762, 0.1058832439019484, 0.08787688102655257],
 [50, 9, 1, 0.08524859282697847, 2.340622918133915, 0.3174410124318921],
 [50, 10, 0.01, 0.07753037368917061, 0.09336721111924907, 0.08194740377075083],
 [50, 10, 0.1, 0.07790943180803503, 0.11827148632851388, 0.08321639074098089],
 [50, 10, 1, 0.0760857305763435, 3.2734129860379553, 0.09653012599650568],
 [50, 11, 0.01, 0.06985287877334909, 0.08421702934773141, 0.07696093136402274],
 [50, 11, 0.1, 0.06968819733411553, 0.09862549187836536, 0.07402443850866247],
 [50, 11, 1, 0.06992179833839446, 2.4935049840244825, 0.11448516461666916],
 [50, 12, 0.01, 0.06562624052292518, 0.07786751547576468, 0.07304759149245703],
 [50, 12, 0.1, 0.06311799307773165, 0.09260897310223415, 0.07029587013598447],
 [50, 12, 1, 0.06566963055220475, 4.534241814964501, 0.6583445690999223],
 [50, 13, 0.01, 0.05991404994507934, 0.07659429329445808, 0.0677595951394987],
 [50, 13, 0.1, 0.05911808542212597, 0.11163621149511098, 0.10225557931818861],
 [50, 13, 1, 0.05632482308617811, 2.4634897108414755, 0.6446425185715264],
 [50,
  14,
  0.01,
  0.054412445170076706,
  0.059760883727061155,
  0.055846117850728065],
 [50, 14, 0.1, 0.05355563237027535, 0.08544914025644647, 0.07205233202913858],
 [50, 14, 1, 0.05522567837139223, 1.7331471853249074, 0.6716829211029496],
 [50,
  15,
  0.01,
  0.051045332160891944,
  0.07002396844603226,
  0.057153008263183314],
 [50, 15, 0.1, 0.05211750691031539, 0.09767586936416264, 0.06514627923338705],
 [50, 15, 1, 0.051420549645516365, 2.0375955446148555, 0.36072320870613833],
 [50, 16, 0.01, 0.05206852224949279, 0.07304751811192989, 0.05731342880943775],
 [50, 16, 0.1, 0.05304652537980268, 0.08528374220444992, 0.06314181150051047],
 [50, 16, 1, 0.04865488111115723, 2.545883230929471, 0.25512096861474004],
 [50,
  17,
  0.01,
  0.048358148778525054,
  0.06071522433383382,
  0.049854651430689415],
 [50, 17, 0.1, 0.0487011738541696, 0.06939707831994109, 0.16996202511049205],
 [50, 17, 1, 0.051824212934022874, 1.693854673763631, 0.0912528500062125],
 [50,
  18,
  0.01,
  0.048474751899391766,
  0.057945067406502904,
  0.05426316530927151],
 [50, 18, 0.1, 0.04713411709361079, 0.07429610538711935, 0.05120576825687863],
 [50, 18, 1, 0.05267200692799347, 1.6611492425612842, 0.07235110565722105],
 [50, 19, 0.01, 0.05245749512425803, 0.07556353481155928, 0.05515600334993943],
 [50, 19, 0.1, 0.048089921501097074, 0.0670223179981722, 0.10179722403759849],
 [50, 19, 1, 0.04911199603266806, 2.021796266374524, 0.32505807514291485],
 [50, 20, 0.01, 0.04992841576698477, 0.059751430431280714, 0.05327844335267754],
 [50, 20, 0.1, 0.05004391612489837, 0.06826137206738411, 0.07106441014159234],
 [50, 20, 1, 0.05395813117121895, 1.1297055355288506, 0.35319857276166144],
 [100, 0, 0.01, 0.4927505228795181, 0.5064631773455973, 0.5045847089702751],
 [100, 0, 0.1, 0.5009440983136462, 0.5171377558752555, 0.5198957061407266],
 [100, 0, 1, 0.47657524000518914, 2.7579154715065117, 2.5452483931220677],
 [100, 1, 0.01, 0.47041781209359124, 0.510426570168631, 0.4979689593700265],
 [100, 1, 0.1, 0.48206055690949795, 0.5201737692708037, 0.5180518527330508],
 [100, 1, 1, 0.49390652866515794, 2.2253654766720725, 0.6761669336381765],
 [100, 2, 0.01, 0.1957245830589233, 0.20776479709989223, 0.21232948214776703],
 [100, 2, 0.1, 0.19486256137775032, 0.21815496797871076, 0.20482555979927583],
 [100, 2, 1, 0.19355397119827927, 2.240400852778209, 1.7144771776807042],
 [100, 3, 0.01, 0.0783581041317479, 0.08158518368963512, 0.07875852040905337],
 [100, 3, 0.1, 0.0756331937852903, 0.093820684310804, 0.07924859168054967],
 [100, 3, 1, 0.07610057644677784, 2.9869613662782206, 0.4376710216041426],
 [100, 4, 0.01, 0.07620401921014192, 0.07978404543633703, 0.07861568653683919],
 [100, 4, 0.1, 0.07108385735864883, 0.09848307543106595, 0.17873346399159698],
 [100, 4, 1, 0.07169216707200757, 3.4333981940713096, 0.07970035103986876],
 [100, 5, 0.01, 0.08785004368585139, 0.09479364390186276, 0.09098169789819885],
 [100, 5, 0.1, 0.08923517830282626, 0.11079323931279787, 0.09392046819781849],
 [100, 5, 1, 0.08579712809862425, 1.545171786765227, 0.1395767333386854],
 [100, 6, 0.01, 0.0954290731511406, 0.10981457127562244, 0.10404566616835835],
 [100, 6, 0.1, 0.09986894529188262, 0.12145400280264833, 0.10817841251223684],
 [100, 6, 1, 0.10071040098481157, 2.1154965278062403, 0.6870960747278093],
 [100, 7, 0.01, 0.10282203029480882, 0.10992553360737753, 0.10306189502627246],
 [100, 7, 0.1, 0.10184896922429325, 0.12105455897427882, 0.10522106285792945],
 [100, 7, 1, 0.09566223930865632, 2.392836704865592, 2.40723494896789],
 [100, 8, 0.01, 0.09454682404675512, 0.102874941726224, 0.09928127787458167],
 [100, 8, 0.1, 0.09254960092796155, 0.11129048711713845, 0.11664865901288943],
 [100, 8, 1, 0.09407207277330908, 3.011502212093748, 0.4448600399357313],
 [100, 9, 0.01, 0.08630849232191061, 0.09487648571655076, 0.08988838708902244],
 [100, 9, 0.1, 0.08699819419374502, 0.11483965628842337, 0.08949345493494473],
 [100, 9, 1, 0.08826795626242356, 1.3228521103026172, 0.3333344618465245],
 [100, 10, 0.01, 0.07706528447440075, 0.08920379457909575, 0.08464541695156816],
 [100, 10, 0.1, 0.07901689670374819, 0.11504671760133264, 0.08157168811821992],
 [100, 10, 1, 0.07908002983472798, 1.85467398525785, 0.12439835840073128],
 [100, 11, 0.01, 0.0688249921142117, 0.07433541059781085, 0.07176421425754612],
 [100, 11, 0.1, 0.0695162557286962, 0.09208995324494582, 0.07738775314804955],
 [100, 11, 1, 0.06939578796586061, 1.2224228651578366, 0.3142731099219202],
 [100,
  12,
  0.01,
  0.060112930257549047,
  0.06481812672507528,
  0.06296553554802033],
 [100, 12, 0.1, 0.06443367735341049, 0.0839844486926126, 0.06968114952821584],
 [100, 12, 1, 0.06173755900361816, 1.5681714528317012, 0.06951922700258664],
 [100,
  13,
  0.01,
  0.05473385878923439,
  0.058582247427127955,
  0.05623175929687749],
 [100, 13, 0.1, 0.055615987803842096, 0.07146033589449986, 0.05404038043349626],
 [100, 13, 1, 0.054387370012446444, 1.9295025370150587, 1.142985593605071],
 [100,
  14,
  0.01,
  0.05242527074073309,
  0.05744981220396983,
  0.055787999066178734],
 [100, 14, 0.1, 0.05298606706084572, 0.07568008735271542, 0.05849842847786462],
 [100, 14, 1, 0.05066825112902089, 1.798256993402958, 0.9517155687809349],
 [100,
  15,
  0.01,
  0.049565181666098794,
  0.052401550133414666,
  0.050153174299018215],
 [100, 15, 0.1, 0.050432097498713545, 0.06697101184196996, 0.0510696976326981],
 [100, 15, 1, 0.04960850490174395, 1.673389712521026, 0.7339318444405059],
 [100,
  16,
  0.01,
  0.04960676193837325,
  0.05459729236275899,
  0.052223318101109015],
 [100, 16, 0.1, 0.04902477152244062, 0.06674321032567271, 0.08381157218073995],
 [100, 16, 1, 0.04797296923142059, 2.414429924923662, 0.8028996563293022],
 [100, 17, 0.01, 0.04961806345616978, 0.05214732277674391, 0.05148726111558567],
 [100, 17, 0.1, 0.048205144346627433, 0.06306258406455278, 0.05144868791847053],
 [100, 17, 1, 0.04902837302941396, 1.4538092195306374, 0.0510250560482192],
 [100,
  18,
  0.01,
  0.04865376559930128,
  0.052014976089751655,
  0.051350975583746065],
 [100, 18, 0.1, 0.04762867668198519, 0.07081406850554847, 0.05456841930286847],
 [100, 18, 1, 0.04945389213780964, 1.5342130533532823, 0.5617044033701659],
 [100,
  19,
  0.01,
  0.04870068145275523,
  0.053207282817667456,
  0.05279656009650591],
 [100, 19, 0.1, 0.04774115561927887, 0.07186250084700692, 0.06966768743807815],
 [100, 19, 1, 0.04959850911281799, 1.922106692390368, 1.5603695335417254],
 [100, 20, 0.01, 0.04981954273685374, 0.05393384977975111, 0.05127105875057449],
 [100, 20, 0.1, 0.05001052829357307, 0.07917859228611675, 0.054117199721399216],
 [100, 20, 1, 0.049421070558579805, 1.4575683006353608, 0.14340218308737934],
 [200, 0, 0.01, 0.49797113889890215, 0.503035910730665, 0.4777467878117448],
 [200, 0, 0.1, 0.5036815839803708, 0.513457676230314, 0.5023739323606797],
 [200, 0, 1, 0.5008947017543289, 1.331811690830563, 0.6883962860121072],
 [200, 1, 0.01, 0.49974089918719516, 0.5095950047020535, 0.4991722056438096],
 [200, 1, 0.1, 0.4906884160152501, 0.5237212450382496, 0.5328788566923676],
 [200, 1, 1, 0.4995241410149447, 2.23942813366453, 0.785732284682528],
 [200, 2, 0.01, 0.191401302076039, 0.19712466451378985, 0.19444478823028086],
 [200, 2, 0.1, 0.19304025795280982, 0.204898222918268, 0.2032627116222021],
 [200, 2, 1, 0.19472754949218068, 1.3831036177469855, 1.1134040203369666],
 [200, 3, 0.01, 0.07582768668606431, 0.07786526902218978, 0.07668335957171303],
 [200, 3, 0.1, 0.07925220412221183, 0.10823866135220239, 0.07954397062792073],
 [200, 3, 1, 0.075818709968569, 2.5671152894804807, 0.08009708821711792],
 [200, 4, 0.01, 0.0709967138848652, 0.07735757727029159, 0.07415668173376853],
 [200, 4, 0.1, 0.07461883301481011, 0.0897846795282058, 0.08140995422581077],
 [200, 4, 1, 0.07391372290782669, 2.3345176723120074, 0.09853488927741978],
 [200, 5, 0.01, 0.092398783232166, 0.0934507514924344, 0.09389636512160647],
 [200, 5, 0.1, 0.08870244211646489, 0.11806134141600591, 0.09396973377683875],
 [200, 5, 1, 0.09087674685417904, 3.0833034498643266, 0.6163314951729502],
 [200, 6, 0.01, 0.09769576822525537, 0.10419935747075744, 0.09926942320942951],
 [200, 6, 0.1, 0.10145581229389589, 0.1128728246686403, 0.10956293450222059],
 [200, 6, 1, 0.09844284891678937, 2.3165639665337725, 3.1785815238392026],
 [200, 7, 0.01, 0.10168538406278615, 0.1081327161271414, 0.10106628492962776],
 [200, 7, 0.1, 0.10043045490561309, 0.1309885678615038, 0.10267301618662779],
 [200, 7, 1, 0.10007993584785443, 3.9689754765654386, 0.10783994082329905],
 [200, 8, 0.01, 0.09391539930579608, 0.09740179604460342, 0.09390269830348216],
 [200, 8, 0.1, 0.09502892157223874, 0.13509952066850806, 0.10110255014901129],
 [200, 8, 1, 0.09419114684577477, 1.8298786754589358, 2.650001783953992],
 [200, 9, 0.01, 0.0862864371999021, 0.09239250069193658, 0.09109381718145954],
 [200, 9, 0.1, 0.08708246564686681, 0.10945011412592762, 0.10987051342324636],
 [200, 9, 1, 0.0873471780991733, 2.8135500135904783, 3.887326208624004],
 [200, 10, 0.01, 0.07720052350654542, 0.08135883256134023, 0.0792242023365698],
 [200, 10, 0.1, 0.07852812105823519, 0.10098712735358457, 0.0807104891254221],
 [200, 10, 1, 0.07878049620507967, 2.2014551655178405, 0.3895511814960118],
 [200, 11, 0.01, 0.0692669566036385, 0.0720205473820393, 0.06914348132494838],
 [200, 11, 0.1, 0.06921108312956528, 0.0919978412223174, 0.0736236696679439],
 [200, 11, 1, 0.06940721059477283, 1.1935818961987281, 0.0880720553921883],
 [200, 12, 0.01, 0.06147593915353389, 0.06327027552084322, 0.06221288134684671],
 [200, 12, 0.1, 0.06106589275458576, 0.08389275943782096, 0.06761284952737374],
 [200, 12, 1, 0.06306833086549374, 3.4851306938362945, 0.94480477939729],
 [200,
  13,
  0.01,
  0.05525194764586083,
  0.057637303341181355,
  0.05564290092976759],
 [200, 13, 0.1, 0.05498074564070423, 0.07566145272945117, 0.057194058959686045],
 [200, 13, 1, 0.05648793354750933, 1.8497623371446443, 2.048622549243268],
 [200, 14, 0.01, 0.053210315198177836, 0.05540004028513791, 0.0533804830200003],
 [200, 14, 0.1, 0.053352955418928996, 0.07064851932000386, 0.05548889769187097],
 [200, 14, 1, 0.05308234120100579, 2.049247477788091, 0.059096977577513886],
 [200,
  15,
  0.01,
  0.050498094586125676,
  0.05161504491778911,
  0.050009535142194673],
 [200, 15, 0.1, 0.04859760557808184, 0.07044530454879257, 0.05430094687306968],
 [200, 15, 1, 0.05053152825443431, 2.7662815802276044, 6.1639864820204515],
 [200, 16, 0.01, 0.0475036985206463, 0.05004932067913144, 0.04847031394761974],
 [200, 16, 0.1, 0.049367159244527746, 0.06106839385822534, 0.05024430038337122],
 [200, 16, 1, 0.0476631150875105, 1.4009676113569585, 0.20441943998031123],
 [200,
  17,
  0.01,
  0.04704709858259175,
  0.048238713605880335,
  0.04721880518274281],
 [200,
  17,
  0.1,
  0.048643282115184316,
  0.07174260305391364,
  0.053776294894971835],
 [200, 17, 1, 0.047550112196909196, 3.1415849139031633, 0.8305978428608358],
 [200,
  18,
  0.01,
  0.049038979685987714,
  0.04899756547247997,
  0.051042182013594735],
 [200, 18, 0.1, 0.04884217504890665, 0.07957672961478676, 0.04876839167142809],
 [200, 18, 1, 0.048398095745971044, 1.107712819669615, 1.7788380404081405],
 [200,
  19,
  0.01,
  0.04988494255217774,
  0.051129005575813055,
  0.052349295345363124],
 [200, 19, 0.1, 0.04933075807961067, 0.09047246270052593, 0.049397457135486475],
 [200, 19, 1, 0.04998737997948519, 1.9861001479399516, 0.5479710522858973],
 [200,
  20,
  0.01,
  0.04960149375288674,
  0.051492272468136646,
  0.050833747678210174],
 [200, 20, 0.1, 0.04934395602400091, 0.07164067258681146, 0.05857044619120416],
 [200, 20, 1, 0.05023273760949234, 2.2185790425656178, 1.3464807808965191]]
