[[2, 0, 0.01, 0.07042441761866203, 0.9272010512421894, 0.9414913868375898],
 [2, 0, 0.1, 0.5021276954509599, 0.5092137153325313, 0.5341864940191782],
 [2, 0, 1, 0.6215230601403234, 2.218623683523529, 6.902083568845016],
 [2, 1, 0.01, 0.002589246540950783, 1.3418692088912654, 1.3221007087260217],
 [2, 1, 0.1, 0.0013805136136069522, 0.8078370813332644, 0.8467594404580331],
 [2, 1, 1, 1.607813751168415e-05, 13.29019632057693, 6.443162615419676],
 [2, 2, 0.01, 4.732539047120709e-06, 2.0216813017600073, 2.2773159325546724],
 [2, 2, 0.1, 6.410688857530531e-23, 0.9991997798859519, 0.855890561481985],
 [2, 2, 1, 0.0007420250244655707, 0.5291001970185104, 0.8991145400167178],
 [2, 3, 0.01, 3.086710714560826e-05, 0.8152635521550246, 0.7947456663040364],
 [2, 3, 0.1, 0.024246885977552386, 0.920434366054365, 1.0612010802784626],
 [2, 3, 1, 2.9333392413733924e-24, 1.0694153997082376, 4.605846963930342],
 [2, 4, 0.01, 7.703719777548943e-31, 1.1426991450346908, 1.1195269844667988],
 [2, 4, 0.1, 0.00010070084068142951, 0.6091220145822209, 0.6036349753209407],
 [2, 4, 1, 2.0507885076434938e-13, 0.7481140529321383, 0.5593160643439413],
 [2, 5, 0.01, 8.991815477411092e-06, 1.3528776677188645, 1.3718990020440895],
 [2, 5, 0.1, 7.94407583460847e-30, 0.6084391303870824, 0.5980121394880393],
 [2, 5, 1, 0.004792329591659641, 2.777456213598104, 2.8251859971343847],
 [2, 6, 0.01, 0.002790882095974898, 1.2773536432245634, 1.2208359324941656],
 [2, 6, 0.1, 0.0012922555414939278, 2.4317588114104693, 2.284310169295655],
 [2, 6, 1, 1.6812602483852224e-05, 0.6862947999632821, 1.7654900385143824],
 [2, 7, 0.01, 3.998330620793706e-11, 3.076810265828736, 2.946067787356888],
 [2, 7, 0.1, 0.0009543645126914046, 4.192802035343388, 5.117867360153435],
 [2, 7, 1, 0.0014277313005532587, 1.3738887667306194, 2.8062930590749033],
 [2, 8, 0.01, 0.002862675219096637, 0.44000763468686904, 0.4360056607640674],
 [2, 8, 0.1, 3.1369546934179298e-30, 0.9388313512977405, 0.6695482154632307],
 [2, 8, 1, 1.7164969307218225e-06, 0.7516797943365495, 0.4329867114228358],
 [2, 9, 0.01, 2.7184270053432508e-28, 0.9604894176939546, 0.9083445933193415],
 [2, 9, 0.1, 0.01995569982308764, 0.7810865542201143, 0.7850847993138839],
 [2, 9, 1, 7.149616530157099e-11, 1.1445084373046361, 3.5668348699932735],
 [2, 10, 0.01, 4.370596957967582e-06, 6.002625193991906, 6.092345703139682],
 [2, 10, 0.1, 0.05588365333784561, 3.575784582639153, 3.343381191334182],
 [2, 10, 1, 1.7904740425782932e-06, 0.8335936144287179, 1.3167741150076255],
 [2, 11, 0.01, 9.860761315262648e-32, 0.6458829276640611, 0.6269986635158131],
 [2, 11, 0.1, 1.7722413455625004e-07, 0.638989041322844, 0.6665676078173918],
 [2, 11, 1, 0.003968149271729286, 2.314784336213672, 0.5946336545735532],
 [2, 12, 0.01, 0.0014870822737238858, 6.577981124253656, 6.67218461382175],
 [2, 12, 0.1, 0.000121868974245743, 1.4745850221508994, 1.1593417995805584],
 [2, 12, 1, 0.00017128454723996977, 10.369279925420614, 10.002900894235195],
 [2, 13, 0.01, 5.1873299594523125e-09, 1.1461736160299993, 1.3191412800539188],
 [2, 13, 0.1, 4.992010415851715e-31, 0.4393771089811232, 0.5494490260554612],
 [2, 13, 1, 2.465190328815662e-30, 0.5355483829093608, 0.8286559254356605],
 [2, 14, 0.01, 3.550308421541563e-24, 0.9893974220494964, 0.9973490714285006],
 [2, 14, 0.1, 0.005412768502714164, 9.287896937949975, 9.449128209844798],
 [2, 14, 1, 9.629649721936179e-33, 4.999801862849124, 0.38948490780837935],
 [2, 15, 0.01, 0.008434693926216277, 0.4759569224096936, 0.4258535897719434],
 [2, 15, 0.1, 6.162975822039155e-31, 0.711770258616851, 0.781260314884169],
 [2, 15, 1, 0.046769749713860914, 9.011912395910768, 2.6862766202627992],
 [2, 16, 0.01, 7.661900654152121e-22, 0.6554273307274835, 0.6446862216655266],
 [2, 16, 0.1, 2.2186712959340957e-31, 0.4810338566294108, 0.806502282063597],
 [2, 16, 1, 1.3091214897081383e-20, 6.709869537998335, 1.0451679074065845],
 [2, 17, 0.01, 7.370464686607563e-08, 0.6235767223500489, 0.6067674857984272],
 [2, 17, 0.1, 0.008503643651149815, 0.5416952809400083, 0.4402602071645803],
 [2, 17, 1, 0.005434208881062155, 0.5395444922314008, 0.4830844573021461],
 [2, 18, 0.01, 0.0002601115111505871, 6.361035335949094, 7.2939452169674315],
 [2, 18, 0.1, 3.111942265135357e-05, 6.095856479016859, 5.6467084204379425],
 [2, 18, 1, 2.465190328815662e-30, 2.3171652886298557, 8.752435634398655],
 [2, 19, 0.01, 2.582977309279408e-18, 1.162910831652336, 1.1467198742482356],
 [2, 19, 0.1, 0.05416721262404532, 2.501168968936427, 2.7992211549880164],
 [2, 19, 1, 1.1247430875221457e-31, 2.7546999966423487, 0.6030250896748841],
 [2, 20, 0.01, 0.016157088938133043, 0.6963029324955388, 0.7224497035621342],
 [2, 20, 0.1, 1.996804166340686e-30, 1.6081085595998583, 1.5515449728762662],
 [2, 20, 1, 1.7404447682041915e-22, 3.7004902304801863, 3.2528077510782403],
 [5, 0, 0.01, 0.563354352150222, 0.6341947962217391, 0.6593371107813656],
 [5, 0, 0.1, 0.40134832006432414, 0.5155533970631073, 0.5080182714193682],
 [5, 0, 1, 0.4082491152191302, 3.6107389002960795, 3.5405104663099314],
 [5, 1, 0.01, 0.35653515792139306, 0.7754324126627699, 0.8660011757716494],
 [5, 1, 0.1, 0.21183365681122557, 0.6802740718029724, 0.5468170663865318],
 [5, 1, 1, 0.09977554232616528, 1.3434570916543407, 1.8624780794285773],
 [5, 2, 0.01, 0.23128820298008584, 0.4675767378293812, 0.4453539369008599],
 [5, 2, 0.1, 0.06391784020899785, 0.4813963296123602, 0.5689281678120058],
 [5, 2, 1, 0.10431275052920122, 4.0585628152742865, 2.571845158052778],
 [5, 3, 0.01, 0.02415300285413852, 0.3917915234808186, 0.38757635751086006],
 [5, 3, 0.1, 0.023102704122040456, 1.8251274713142538, 1.5301362058645154],
 [5, 3, 1, 0.17714914480753433, 2.0451262687074503, 1.8947576380371853],
 [5, 4, 0.01, 0.007962286710742339, 0.46625793677189703, 0.4844789194257244],
 [5, 4, 0.1, 0.05601454883317373, 0.7060900793930778, 0.7822981524679182],
 [5, 4, 1, 0.032430475431197314, 11.432524396057463, 4.9541261729961],
 [5, 5, 0.01, 0.07936198700468845, 0.1094076418412171, 0.11290442374684072],
 [5, 5, 0.1, 0.0631921509506207, 0.5695928755196332, 0.5866283452387002],
 [5, 5, 1, 0.02175468047105588, 9.767237181137936, 2.617932965557594],
 [5, 6, 0.01, 0.017732155823598467, 0.27028826540642775, 0.26669087843904427],
 [5, 6, 0.1, 0.05944109819373716, 0.22302624798719461, 0.18751308299538563],
 [5, 6, 1, 0.0330975033160825, 3.0090040115444703, 0.7237886735225434],
 [5, 7, 0.01, 0.0481956764086693, 0.16610003887852384, 0.17211856658367808],
 [5, 7, 0.1, 0.061800993834232806, 0.31423724180467577, 0.43241818012095457],
 [5, 7, 1, 0.010186199273319534, 1.0064874542902569, 0.842305381007073],
 [5, 8, 0.01, 0.053227211895944725, 0.2636219612216012, 0.29781964787311377],
 [5, 8, 0.1, 0.10502950144822772, 0.1669140631720509, 0.1744711972848394],
 [5, 8, 1, 0.029588808933249628, 0.6355396508074357, 2.4408599371759925],
 [5, 9, 0.01, 0.008968458183851837, 0.5477336342494444, 0.5655910044747214],
 [5, 9, 0.1, 0.0214739173976562, 0.37443722946633595, 0.31025147281226817],
 [5, 9, 1, 0.03026152305914912, 4.093086051629491, 4.478963727416336],
 [5, 10, 0.01, 0.023345856776753063, 0.4171059700710854, 0.45536332307199445],
 [5, 10, 0.1, 0.033752864777057925, 0.39160694007099134, 0.38874098340261065],
 [5, 10, 1, 0.020040450841858393, 0.9005486303912486, 1.5158388696166338],
 [5, 11, 0.01, 0.05036468942933756, 0.7894801163864511, 0.8693755703947366],
 [5, 11, 0.1, 0.10078248565343642, 0.22838545055362056, 0.2200572408627791],
 [5, 11, 1, 0.05792424476866807, 0.3452044440320442, 0.9205783201263281],
 [5, 12, 0.01, 0.0009036074797429287, 0.49196260853459933, 0.51540241352854],
 [5, 12, 0.1, 0.13464441685873701, 0.19393123643505472, 0.2300933200418416],
 [5, 12, 1, 0.09728744296765138, 10.830049945820074, 2.879992276960803],
 [5, 13, 0.01, 0.0764177264752484, 0.2500431160397237, 0.2758719729894234],
 [5, 13, 0.1, 0.029285952719348852, 0.5464928548448705, 0.40387281937127195],
 [5, 13, 1, 0.0063153338635574836, 4.231769645391605, 5.687526902506124],
 [5, 14, 0.01, 0.08613649698829134, 0.6135910145490792, 0.6427181063736583],
 [5, 14, 0.1, 0.11073584280463719, 0.2030224115376418, 0.194897721084819],
 [5, 14, 1, 0.06260505148950815, 0.37570579816794436, 0.7657787956762949],
 [5, 15, 0.01, 0.008409029312578028, 1.1427812965539759, 1.1260191146410368],
 [5, 15, 0.1, 0.08475478654581285, 0.4627722369054553, 0.48365393377360233],
 [5, 15, 1, 0.12023864497039458, 0.13661135709878072, 1.5148673515466884],
 [5, 16, 0.01, 0.061607614650183364, 0.6969324695208804, 0.6327381619379987],
 [5, 16, 0.1, 0.0015561603527744776, 1.131640553954866, 1.2075598585394125],
 [5, 16, 1, 0.014332409698531157, 11.525293808256636, 7.449786950358414],
 [5, 17, 0.01, 0.12436652959552034, 0.45015334878695973, 0.40536388804700074],
 [5, 17, 0.1, 0.06807252923707811, 0.29591284481411134, 0.3336028401745426],
 [5, 17, 1, 0.014185398344867295, 6.203823744820803, 8.50422160466501],
 [5, 18, 0.01, 0.04836561028089473, 1.4243568080547857, 1.5571260334348946],
 [5, 18, 0.1, 0.02907694183964334, 1.3644537172568365, 1.4716773346817218],
 [5, 18, 1, 0.03544391757725561, 0.8513548569417454, 5.098193420333455],
 [5, 19, 0.01, 0.08852041131803447, 0.7686389280551544, 0.8050028122582927],
 [5, 19, 0.1, 0.12121480229840927, 0.1567575774278869, 0.19414209866777582],
 [5, 19, 1, 0.013724975409776985, 0.7650603393644455, 2.6021672786080186],
 [5, 20, 0.01, 0.12298333477865779, 0.1623424743893052, 0.16811555037147008],
 [5, 20, 0.1, 0.05993869066987656, 0.7305339233965706, 0.9239892001559811],
 [5, 20, 1, 0.05478375202220452, 0.8566452465833626, 0.5432541340253692],
 [10, 0, 0.01, 0.388826627609432, 0.5311742340328323, 0.5045343569902063],
 [10, 0, 0.1, 0.4401297215088632, 0.6476545466722669, 0.6881857368513876],
 [10, 0, 1, 0.6755465084562327, 4.96054130006668, 3.050978460736679],
 [10, 1, 0.01, 0.24886854250485854, 0.9161978410454484, 0.9313398648072512],
 [10, 1, 0.1, 0.07059189122510391, 1.1541690480143, 1.0050820450426459],
 [10, 1, 1, 0.29614796394445564, 2.4653145349787398, 3.8706521523312887],
 [10, 2, 0.01, 0.2499713294699743, 0.35482262492089356, 0.3482079727601775],
 [10, 2, 0.1, 0.30137276393775014, 0.36443253423054695, 0.29922577371707676],
 [10, 2, 1, 0.22972390250453323, 0.47246348887783274, 3.7019444067631344],
 [10, 3, 0.01, 0.19842465252819302, 0.13974281041336137, 0.1343017985434097],
 [10, 3, 0.1, 0.09091714563204575, 0.3848547745868501, 0.3783009067071613],
 [10, 3, 1, 0.17852858421734852, 0.7015123858550468, 1.3147941056351244],
 [10, 4, 0.01, 0.0851328179305501, 0.3086342709630638, 0.2968800700147595],
 [10, 4, 0.1, 0.12894425725581077, 0.13908417644687993, 0.13818782176528752],
 [10, 4, 1, 0.1155351846785488, 2.132854385469457, 0.44036413907587096],
 [10, 5, 0.01, 0.07962837512225596, 0.17031879194995542, 0.17248808372547328],
 [10, 5, 0.1, 0.11465411802160168, 0.1377598434079039, 0.20509979906234488],
 [10, 5, 1, 0.07315601007576968, 0.18462650331411115, 1.1505072582732212],
 [10, 6, 0.01, 0.031919174236834706, 0.186522647488776, 0.20279153373954206],
 [10, 6, 0.1, 0.10619626126188955, 0.18547886132780939, 0.23283240640414604],
 [10, 6, 1, 0.08129512770183345, 0.9707924401664972, 0.493226216126663],
 [10, 7, 0.01, 0.12366428636421503, 0.166972871400716, 0.17310432133401218],
 [10, 7, 0.1, 0.09614689953259445, 0.3442010271670151, 0.2698485795207181],
 [10, 7, 1, 0.07704344692896052, 1.1060053011349171, 4.696343602087884],
 [10, 8, 0.01, 0.05946169108505336, 0.5581405006608338, 0.5625458715773651],
 [10, 8, 0.1, 0.06854497876114067, 0.21155869976970965, 0.21369432678839226],
 [10, 8, 1, 0.14699855684711358, 2.2903247661088573, 0.24866572254262595],
 [10, 9, 0.01, 0.0509681572439827, 0.4039461951361028, 0.4688872844720511],
 [10, 9, 0.1, 0.09373501032862683, 0.19244879594573236, 0.2067889753661494],
 [10, 9, 1, 0.09810913944182369, 0.9592591210657, 2.3699417085769823],
 [10, 10, 0.01, 0.1396450419807632, 0.19734263308128464, 0.19979030111233056],
 [10, 10, 0.1, 0.09079882933794566, 0.38665350786402924, 0.3306439965811795],
 [10, 10, 1, 0.08119657444311706, 0.5619360291857614, 0.745898171864539],
 [10, 11, 0.01, 0.1312637898584556, 0.17363717933679668, 0.18068885291796763],
 [10, 11, 0.1, 0.08944527141160927, 0.5682170734737959, 0.5599130218766284],
 [10, 11, 1, 0.1089995195866987, 4.068304245239713, 1.8709007689215764],
 [10, 12, 0.01, 0.09645557749646629, 0.3596488792631921, 0.3328261945157858],
 [10, 12, 0.1, 0.08944483478181128, 0.4126685528059072, 0.4697174279636065],
 [10, 12, 1, 0.12298858515540893, 0.6766003715781059, 0.14945671320588075],
 [10, 13, 0.01, 0.11500468282861764, 0.16059739007133234, 0.1511499334442168],
 [10, 13, 0.1, 0.05006165822354719, 0.39676993106770325, 0.3212186851199117],
 [10, 13, 1, 0.1060243657983206, 0.9918752720658014, 1.104027450712873],
 [10, 14, 0.01, 0.12326860857242487, 0.18096266618079512, 0.18946845382525604],
 [10, 14, 0.1, 0.11906894839175766, 0.1997401596538558, 0.21475853066735306],
 [10, 14, 1, 0.10467210205918116, 0.6697502275874155, 1.1106435532071137],
 [10, 15, 0.01, 0.10427874186243127, 1.4995689002225312, 1.5296201086384107],
 [10, 15, 0.1, 0.06069121089221363, 0.6459874374546148, 0.6363937352592042],
 [10, 15, 1, 0.09564481570430033, 0.20583534115058288, 0.48016042724050173],
 [10, 16, 0.01, 0.08722895285970202, 0.5098381247437382, 0.4962524497636901],
 [10, 16, 0.1, 0.08614556563452883, 0.4021817427423405, 0.28792475542145485],
 [10, 16, 1, 0.08366098519619956, 1.4226964775879678, 0.862944713891495],
 [10, 17, 0.01, 0.0957609245376847, 0.4715558093474539, 0.5748693129788663],
 [10, 17, 0.1, 0.09818981957766607, 0.6590302943848615, 0.6496970453663935],
 [10, 17, 1, 0.08509452878726423, 5.108312954697124, 0.3213597659426309],
 [10, 18, 0.01, 0.0458357121868979, 0.16663805032458037, 0.1689961177853117],
 [10, 18, 0.1, 0.08415173161390256, 0.18756816057254505, 0.21077403351384752],
 [10, 18, 1, 0.09405462734971289, 1.2510789875056587, 1.5250606770340702],
 [10, 19, 0.01, 0.08732874946284462, 0.1581304913771372, 0.16738294698070413],
 [10, 19, 0.1, 0.07822108708696904, 0.5023097787334562, 0.5746639351558498],
 [10, 19, 1, 0.07509224912634085, 1.2557205823901518, 1.7167986701637281],
 [10, 20, 0.01, 0.08818956119573845, 0.8243913244856745, 0.7340005275536063],
 [10, 20, 0.1, 0.1091610575180378, 0.21807546123536484, 0.19217118649499249],
 [10, 20, 1, 0.09213723177050334, 3.51862814107385, 1.859438468351769],
 [20, 0, 0.01, 0.4258372223873107, 0.47116270184136294, 0.5198980100078421],
 [20, 0, 0.1, 0.39960032959540526, 0.5496311404152241, 0.6014664919632943],
 [20, 0, 1, 0.5482536437630812, 0.49941363387785104, 3.626427946610609],
 [20, 1, 0.01, 0.49047765887711137, 0.5459564825193675, 0.5317257240999375],
 [20, 1, 0.1, 0.3571614119355826, 0.5730993043653299, 0.5549644678051466],
 [20, 1, 1, 0.39494042024353465, 0.5095035545870539, 1.3932946662404657],
 [20, 2, 0.01, 0.28097342086824917, 0.30739835267623133, 0.31407405394395793],
 [20, 2, 0.1, 0.27893202057387856, 0.40430471772764043, 0.4870101264308324],
 [20, 2, 1, 0.31624445234268117, 2.299360214922125, 0.5284854935367502],
 [20, 3, 0.01, 0.16295000837710039, 0.22541839040496822, 0.2403891931847727],
 [20, 3, 0.1, 0.18249768835700603, 0.24082339808664102, 0.23195781717191977],
 [20, 3, 1, 0.19602086100303795, 3.8773017935375154, 1.7608645691575735],
 [20, 4, 0.01, 0.09441305191396238, 0.17639920780762963, 0.18205398819640123],
 [20, 4, 0.1, 0.07156046441815558, 0.3026120649055819, 0.23809720380337307],
 [20, 4, 1, 0.13608054695413335, 6.076095335879693, 3.938460233782339],
 [20, 5, 0.01, 0.12497294339268658, 0.11932934027187066, 0.12355604778115643],
 [20, 5, 0.1, 0.07596318163451656, 0.10192671954341291, 0.09937292001807459],
 [20, 5, 1, 0.10522219228171421, 0.3106041817355415, 0.5146697790575988],
 [20, 6, 0.01, 0.09817638001695353, 0.15557751659474292, 0.14629883475179423],
 [20, 6, 0.1, 0.10724844490348415, 0.12383632851021542, 0.15744260145572445],
 [20, 6, 1, 0.07762500582528445, 7.910978201524949, 0.7376058604322437],
 [20, 7, 0.01, 0.10395891129919714, 0.2753931757455238, 0.27433713474036653],
 [20, 7, 0.1, 0.08695579155468636, 0.16973836126001718, 0.15909596750058588],
 [20, 7, 1, 0.10874080330738793, 4.62981435102299, 3.6720577337432703],
 [20, 8, 0.01, 0.12988129960332168, 0.17358451275284936, 0.1670004140317538],
 [20, 8, 0.1, 0.10297346521103239, 0.18816593580330604, 0.17045072161742547],
 [20, 8, 1, 0.13000542128130027, 0.2876791926820766, 1.0511259273627962],
 [20, 9, 0.01, 0.11508936763960327, 0.23978236279929793, 0.22931097454615854],
 [20, 9, 0.1, 0.111396635484171, 0.25219836542863217, 0.27349715625376847],
 [20, 9, 1, 0.1411577268285777, 2.707179818904574, 2.9115068426118147],
 [20, 10, 0.01, 0.16391022860770624, 0.1255620009739163, 0.12220348147378379],
 [20, 10, 0.1, 0.15019015916201642, 0.14128500824851978, 0.1300117423393235],
 [20, 10, 1, 0.1276866693771918, 0.5936909501700113, 0.252010688811049],
 [20, 11, 0.01, 0.11189791256979922, 0.14825671444926314, 0.14586810213192067],
 [20, 11, 0.1, 0.09362419040347951, 0.1908356136327623, 0.1870611090564546],
 [20, 11, 1, 0.10245335799712936, 4.619538197937613, 0.5860920475436414],
 [20, 12, 0.01, 0.13268149930211204, 0.13850911068314672, 0.13812754927277632],
 [20, 12, 0.1, 0.0987543012281166, 0.2625639326928494, 0.21603559091592028],
 [20, 12, 1, 0.12251346489086971, 0.8002415822687764, 0.4349539082084463],
 [20, 13, 0.01, 0.10559262874566186, 0.23557052360076958, 0.23603119189865832],
 [20, 13, 0.1, 0.10176088487845922, 0.135595920515255, 0.14895715680069946],
 [20, 13, 1, 0.10001662100221005, 0.12576327384502103, 0.12355628357001738],
 [20, 14, 0.01, 0.10365448589783292, 0.1545214768981614, 0.15202562731489483],
 [20, 14, 0.1, 0.12450721022098783, 0.15282787371326714, 0.15045132564802005],
 [20, 14, 1, 0.11261458265777029, 0.1833119390391912, 0.1751772474141113],
 [20, 15, 0.01, 0.11694484510730874, 0.42721150708248473, 0.4329946248296729],
 [20, 15, 0.1, 0.11799756432772299, 0.5041860649317994, 0.542908671459522],
 [20, 15, 1, 0.12272688039237967, 0.9038588482561385, 3.137153352074377],
 [20, 16, 0.01, 0.11564634748810695, 0.13102343866743124, 0.13498193174437467],
 [20, 16, 0.1, 0.08628230271978254, 0.13502978537637494, 0.15932675039300384],
 [20, 16, 1, 0.1376964412134876, 6.9983696608646, 4.9724223366723015],
 [20, 17, 0.01, 0.10401909791867034, 0.1276219933678368, 0.1306857403782325],
 [20, 17, 0.1, 0.11322833741303975, 0.2150704594746811, 0.141674184521882],
 [20, 17, 1, 0.09938392414933668, 2.775360619324061, 1.664246094815186],
 [20, 18, 0.01, 0.10458753602194486, 0.1367318722390954, 0.12864441271765822],
 [20, 18, 0.1, 0.09601760284470431, 0.3386368316731293, 0.19468241996025795],
 [20, 18, 1, 0.08541749844122579, 0.5882186637529595, 1.0854019700751043],
 [20, 19, 0.01, 0.0597397716704815, 0.5521919875958549, 0.6414985237671206],
 [20, 19, 0.1, 0.08485918408098163, 0.1407859190013646, 0.14349039482418346],
 [20, 19, 1, 0.09890226231300031, 1.239974974440006, 0.39064913118867234],
 [20, 20, 0.01, 0.09448412034956277, 0.07758007637961423, 0.07402018814045545],
 [20, 20, 0.1, 0.10485922476272606, 0.11265190429478718, 0.11908777367746379],
 [20, 20, 1, 0.0981808812999353, 0.3809807492359151, 0.26254733243739026],
 [50, 0, 0.01, 0.5117600006598001, 0.5145323361801364, 0.48031650175997065],
 [50, 0, 0.1, 0.535150170783047, 0.4925882121011803, 0.5155306646387848],
 [50, 0, 1, 0.4772954787954108, 1.3014505155701828, 0.6980550873112408],
 [50, 1, 0.01, 0.4552986302401608, 0.5145703782553144, 0.5310135339641482],
 [50, 1, 0.1, 0.49781750933976776, 0.5533284889743365, 0.4949936045564942],
 [50, 1, 1, 0.44787997894464415, 1.8438829086569222, 1.7902666709110617],
 [50, 2, 0.01, 0.2894084280901677, 0.30360978753593726, 0.2866928275054438],
 [50, 2, 0.1, 0.3155912419068774, 0.3086706209504783, 0.37595943427264983],
 [50, 2, 1, 0.31445423403103906, 0.5981354163684974, 5.807054720450932],
 [50, 3, 0.01, 0.14719062859679874, 0.1837386588653276, 0.18076177092477697],
 [50, 3, 0.1, 0.16920966568525186, 0.16373893906163167, 0.16661800826104237],
 [50, 3, 1, 0.14570848219752686, 5.154239927798848, 9.617090707663591],
 [50, 4, 0.01, 0.10398541235942464, 0.12257259592837434, 0.125363431041182],
 [50, 4, 0.1, 0.10134624240276972, 0.12519609288905617, 0.14893643129553713],
 [50, 4, 1, 0.1201362330190645, 1.5472906750422868, 0.20263913061875274],
 [50, 5, 0.01, 0.09467383773271225, 0.10454920953884478, 0.10742283269515862],
 [50, 5, 0.1, 0.08419413925997342, 0.13949320057504963, 0.1729088308012148],
 [50, 5, 1, 0.09933266768104972, 0.22278384493585357, 2.1677378655756256],
 [50, 6, 0.01, 0.08278866537676632, 0.1577476410185601, 0.15678985272082857],
 [50, 6, 0.1, 0.12225780420125132, 0.21851309005025163, 0.3246950946644114],
 [50, 6, 1, 0.12888823994345971, 3.967991332902489, 0.14493450791839077],
 [50, 7, 0.01, 0.14536776796453313, 0.20210776410343792, 0.20005035970558316],
 [50, 7, 0.1, 0.12035193239987314, 0.1688940551744564, 0.14991169636445198],
 [50, 7, 1, 0.12130602720289348, 7.980057031831879, 35.33497485012709],
 [50, 8, 0.01, 0.14165417672393976, 0.15739624698345545, 0.14741836557044694],
 [50, 8, 0.1, 0.1361646916073472, 0.14400194242903433, 0.17505897336882695],
 [50, 8, 1, 0.13260176429938642, 0.49178932014367815, 4.857457255711304],
 [50, 9, 0.01, 0.15918958181822768, 0.13105067374408527, 0.13486668820091455],
 [50, 9, 0.1, 0.12262738091971377, 0.3561883600423598, 0.21255441829813485],
 [50, 9, 1, 0.15892766063776106, 5.309000038440605, 8.945165794610602],
 [50, 10, 0.01, 0.14221445195966775, 0.12408853404662004, 0.12980069456167295],
 [50, 10, 0.1, 0.13046507056630738, 0.15909356482231113, 0.1889649504756008],
 [50, 10, 1, 0.0905014091980549, 2.7988932658981764, 0.2814026719304461],
 [50, 11, 0.01, 0.13271068302888936, 0.1424202232834419, 0.13839474956875633],
 [50, 11, 0.1, 0.12515579067583069, 0.1710476045156455, 0.19798524821187918],
 [50, 11, 1, 0.12340351916542998, 6.950451444991818, 7.9455784226399615],
 [50, 12, 0.01, 0.12531659108841744, 0.13847970070757978, 0.1425217589952908],
 [50, 12, 0.1, 0.12240746707694697, 0.12911908143276635, 0.1596425336599762],
 [50, 12, 1, 0.14104462795879427, 16.915519450599323, 9.274122639305606],
 [50, 13, 0.01, 0.11805273623708716, 0.15671065851582636, 0.15952074980934935],
 [50, 13, 0.1, 0.0957857614587281, 0.19249490006541867, 0.385928047934946],
 [50, 13, 1, 0.12976419701114356, 0.15431449603963762, 2.894875334971311],
 [50, 14, 0.01, 0.10553356773506983, 0.12889889637209295, 0.12836348465408973],
 [50, 14, 0.1, 0.11192303078340123, 0.10638073451932478, 0.10841312804417229],
 [50, 14, 1, 0.12131770766291677, 2.9583731179090513, 1.7635932698876977],
 [50, 15, 0.01, 0.11884681706692951, 0.1221216361524032, 0.11945239436195874],
 [50, 15, 0.1, 0.11686256033535912, 0.14595725647861865, 0.1359156628193531],
 [50, 15, 1, 0.11754030588269275, 3.859826284125922, 0.1564969525795692],
 [50, 16, 0.01, 0.10392872349274321, 0.12623947247855516, 0.12718202136125525],
 [50, 16, 0.1, 0.10461506032145604, 0.15205792716556613, 0.22357631301440986],
 [50, 16, 1, 0.10599554581786537, 0.8351586110340726, 0.6538718134069565],
 [50, 17, 0.01, 0.10292177962025702, 0.10344198873332346, 0.1061714372943587],
 [50, 17, 0.1, 0.10888969612909144, 0.19419995761095205, 0.20979781125306524],
 [50, 17, 1, 0.1211081504204141, 0.4635342269993722, 1.0109767896766533],
 [50, 18, 0.01, 0.08906334840755478, 0.09680173035133939, 0.09675914052036454],
 [50, 18, 0.1, 0.10464855384810277, 0.13464086625374772, 0.11889590068154654],
 [50, 18, 1, 0.09235748516874016, 1.2038267235659739, 1.8389674734651704],
 [50, 19, 0.01, 0.08437922650701711, 0.08562845611949897, 0.08279234044529547],
 [50, 19, 0.1, 0.09931097472999648, 0.15034795714283783, 0.14374949859526723],
 [50, 19, 1, 0.10119438414383725, 1.8326120158621244, 1.1015493498588222],
 [50, 20, 0.01, 0.09861098712537514, 0.11132940857763647, 0.10931205198951281],
 [50, 20, 0.1, 0.10363504518027712, 0.23589364124658913, 0.20325461182621266],
 [50, 20, 1, 0.0964356572360099, 0.1415604262316704, 0.3022861004173501],
 [100, 0, 0.01, 0.49278507931297955, 0.5166870324611816, 0.508563426217917],
 [100, 0, 0.1, 0.4590740978634098, 0.5072265943330583, 0.5032988098410577],
 [100, 0, 1, 0.3900305601706915, 4.350661918300924, 5.244427286910564],
 [100, 1, 0.01, 0.4864816123883642, 0.527668416925831, 0.5282512584433048],
 [100, 1, 0.1, 0.4770033885801216, 0.5553670932846659, 0.5748747744620395],
 [100, 1, 1, 0.4982364790105273, 4.997493820423354, 5.011339601914122],
 [100, 2, 0.01, 0.30155616501427773, 0.31167296458887084, 0.2975159548377613],
 [100, 2, 0.1, 0.3001859686533121, 0.281206345995093, 0.3223497379786955],
 [100, 2, 1, 0.30245796374356154, 0.46768676838851814, 1.8358725524554014],
 [100, 3, 0.01, 0.13647188201351335, 0.1520462585623859, 0.1512317325515665],
 [100, 3, 0.1, 0.16056864722749722, 0.19642305492778833, 0.20374151128748486],
 [100, 3, 1, 0.15146973088086182, 0.20507572377890898, 0.32058200298768164],
 [100, 4, 0.01, 0.12703158025863848, 0.1234806043585386, 0.12745573528961607],
 [100, 4, 0.1, 0.11227985106965037, 0.1521718361300905, 0.13566109952659716],
 [100, 4, 1, 0.11889218177157092, 1.7972487085737712, 3.903675091581766],
 [100, 5, 0.01, 0.11921896031270116, 0.11510487529336547, 0.11702384747953676],
 [100, 5, 0.1, 0.11012263355494457, 0.123547962445825, 0.12086444826341713],
 [100, 5, 1, 0.09905819893438789, 0.14658583194369287, 2.1767770541729847],
 [100, 6, 0.01, 0.12476343101238925, 0.12422758510010594, 0.12163515491281655],
 [100, 6, 0.1, 0.1210136148078267, 0.13512196647166017, 0.12119290381734846],
 [100, 6, 1, 0.13226235969813602, 0.625948143813588, 0.8381680356192852],
 [100, 7, 0.01, 0.12639536080025698, 0.12206016156313061, 0.12139039486400265],
 [100, 7, 0.1, 0.1183070403774516, 0.1579907402689427, 0.1316763741392557],
 [100, 7, 1, 0.14323713974504373, 1.145206591699953, 0.2064955363881003],
 [100, 8, 0.01, 0.13612276233325374, 0.13603738831018622, 0.1334842310450782],
 [100, 8, 0.1, 0.13829450670530563, 0.1525317037696388, 0.15319238777357935],
 [100, 8, 1, 0.1486992019265426, 2.7877020937312675, 3.753338384232892],
 [100, 9, 0.01, 0.12413583817971902, 0.13057314155594912, 0.13569490234299048],
 [100, 9, 0.1, 0.12313053194771255, 0.13914552937923957, 0.13990758035351086],
 [100, 9, 1, 0.13415924438777602, 2.161408285063801, 0.781230799297381],
 [100, 10, 0.01, 0.13394927075310117, 0.15512080399175904, 0.1496358329927146],
 [100, 10, 0.1, 0.12723970716213734, 0.1734003923406519, 0.1715304459440821],
 [100, 10, 1, 0.15151176775440028, 4.915604731981128, 1.812194578816339],
 [100, 11, 0.01, 0.12219707053720878, 0.15813347228200075, 0.15472321121426916],
 [100, 11, 0.1, 0.11962442781643415, 0.14752871277102336, 0.14886712245395767],
 [100, 11, 1, 0.13967264721787237, 0.1361618693205516, 3.4501946296792525],
 [100, 12, 0.01, 0.1358346950515835, 0.1363958081397562, 0.14592619365172557],
 [100, 12, 0.1, 0.12397829877671743, 0.127316838272704, 0.12902289138649675],
 [100, 12, 1, 0.13085912672536687, 0.6400483193801936, 2.2041027388203682],
 [100, 13, 0.01, 0.11147181860574307, 0.11050564307157702, 0.12050341260755935],
 [100, 13, 0.1, 0.12356653856850532, 0.13485208084613454, 0.11147244272870044],
 [100, 13, 1, 0.10454810959406989, 2.7932516334130297, 4.776290044831049],
 [100, 14, 0.01, 0.12653310135641058, 0.13824798712771896, 0.12944935122484455],
 [100, 14, 0.1, 0.11183895603495886, 0.13469128871195377, 0.16143498428730307],
 [100, 14, 1, 0.09900981116661929, 1.1681778620818088, 1.149766271948137],
 [100, 15, 0.01, 0.11464994174172036, 0.13303230420325066, 0.1313402321986389],
 [100, 15, 0.1, 0.11033048877517969, 0.11624726232597747, 0.16739139054433771],
 [100, 15, 1, 0.1084375482991008, 1.855975705356924, 1.6134779686495577],
 [100, 16, 0.01, 0.11791373143556635, 0.13269098303613494, 0.13703682954159166],
 [100, 16, 0.1, 0.11160373536284847, 0.13371637602845252, 0.1186714593553086],
 [100, 16, 1, 0.10337229366295579, 0.6644177451560853, 0.7289883415255126],
 [100, 17, 0.01, 0.09900532915165136, 0.11447396908260087, 0.11678759568168488],
 [100, 17, 0.1, 0.09967069730833328, 0.1364249619805272, 0.10771544296565393],
 [100, 17, 1, 0.11440061774408304, 0.4774038981910959, 1.9259127710821355],
 [100, 18, 0.01, 0.08702732309415534, 0.09624159632863462, 0.10096130911888343],
 [100, 18, 0.1, 0.08762314637870001, 0.12373738591942304, 0.1215879141152618],
 [100, 18, 1, 0.09431853125374291, 0.5614375005569254, 0.46007231249350816],
 [100, 19, 0.01, 0.0883217094177412, 0.08304821231647083, 0.0844387726874372],
 [100, 19, 0.1, 0.08997985734358632, 0.10864200077861016, 0.17497176657402258],
 [100, 19, 1, 0.08821278856207776, 0.6543195943922014, 3.63291997144326],
 [100, 20, 0.01, 0.09623643338210544, 0.10236211572547123, 0.09221384071668076],
 [100, 20, 0.1, 0.09524820449372406, 0.1155807092751239, 0.10633684592708958],
 [100, 20, 1, 0.10540786878091424, 3.5274561551879113, 0.5594902328485936],
 [200, 0, 0.01, 0.47837187285453836, 0.5024554399062054, 0.5016691788870098],
 [200, 0, 0.1, 0.5082010059625234, 0.5104989978428526, 0.49325657580168863],
 [200, 0, 1, 0.5030151249133784, 1.4476784457888499, 1.7667174072735377],
 [200, 1, 0.01, 0.4921174532362912, 0.5084135358050687, 0.5191511467439301],
 [200, 1, 0.1, 0.5200184222254766, 0.5090627640262314, 0.4981625224631996],
 [200, 1, 1, 0.4715328942625827, 1.2097466503480898, 6.69157349835161],
 [200, 2, 0.01, 0.2706585390070172, 0.26816747261675683, 0.26679583735756823],
 [200, 2, 0.1, 0.2763706449233277, 0.3132422108049199, 0.3099860213526797],
 [200, 2, 1, 0.30828226085131843, 4.69758537859388, 0.44903280991973876],
 [200, 3, 0.01, 0.1525719901322006, 0.1580703145087481, 0.15503149771079977],
 [200, 3, 0.1, 0.16406299979720174, 0.16454611544460115, 0.15834265441516365],
 [200, 3, 1, 0.14830307021341985, 12.879813803792626, 11.634076041853838],
 [200, 4, 0.01, 0.10843503986753555, 0.1202524185582141, 0.11934312824024561],
 [200, 4, 0.1, 0.11051449648662297, 0.1102919966039198, 0.15038588021835433],
 [200, 4, 1, 0.10802453733738984, 3.4375632077200686, 0.5158006284007223],
 [200, 5, 0.01, 0.10973154003392298, 0.11047935701533779, 0.10784179576462942],
 [200, 5, 0.1, 0.1120251917029975, 0.10762067098974683, 0.11363180942576674],
 [200, 5, 1, 0.11133395538693933, 0.1724704023609985, 0.22483916324483538],
 [200, 6, 0.01, 0.11499775651751346, 0.12148444364331913, 0.12122007105454116],
 [200, 6, 0.1, 0.12342137639668517, 0.12585021326657955, 0.12466926293935483],
 [200, 6, 1, 0.12381506222852844, 3.0423092648415233, 2.912322698367481],
 [200, 7, 0.01, 0.12759547953263536, 0.13331299313961584, 0.13928526521957368],
 [200, 7, 0.1, 0.1333796981933696, 0.1548980375908094, 0.16672642639221075],
 [200, 7, 1, 0.12881674602251506, 0.2683080600997169, 3.503151347390578],
 [200, 8, 0.01, 0.13738406858705246, 0.14477906644836788, 0.1378366111368187],
 [200, 8, 0.1, 0.13253455220775057, 0.15864137777409337, 0.136679429945076],
 [200, 8, 1, 0.13898988661758568, 0.20955529322054298, 0.6203513573607778],
 [200, 9, 0.01, 0.15396432364180768, 0.1537865364447647, 0.15237810777484895],
 [200, 9, 0.1, 0.12942464608149432, 0.15714765881860415, 0.14530358889427702],
 [200, 9, 1, 0.12263116768984877, 3.825712078424939, 0.1700962884889385],
 [200, 10, 0.01, 0.13374529734118473, 0.13600551511567952, 0.1356771494468737],
 [200, 10, 0.1, 0.1291538112212514, 0.1372009222428235, 0.1388784828183768],
 [200, 10, 1, 0.13806186782196866, 2.7268598262136527, 0.962799837572807],
 [200, 11, 0.01, 0.1282482583441423, 0.14674052637516877, 0.15518685427610654],
 [200, 11, 0.1, 0.1187128353161214, 0.1402004536824479, 0.20662801048145138],
 [200, 11, 1, 0.12330717190285262, 0.1486653818346333, 1.8708179216578427],
 [200, 12, 0.01, 0.132932524488694, 0.13442640624031424, 0.12679946780371876],
 [200, 12, 0.1, 0.11965730834974903, 0.1462913363127197, 0.1630348914311943],
 [200, 12, 1, 0.12824009556150218, 4.9602736229380575, 6.339064367381512],
 [200, 13, 0.01, 0.11582355358276494, 0.11771693013377134, 0.11989945553832843],
 [200, 13, 0.1, 0.10928932277164931, 0.13359125605879787, 0.16837845998349507],
 [200, 13, 1, 0.11152654501581298, 0.2798718796562626, 1.4377473715227618],
 [200, 14, 0.01, 0.10789059993244883, 0.1074942283987589, 0.1096561330510805],
 [200, 14, 0.1, 0.1101183508691023, 0.10969149850132925, 0.1567799910008163],
 [200, 14, 1, 0.12015597142084301, 0.8581074952867304, 0.18437318242710227],
 [200, 15, 0.01, 0.11944372218190492, 0.1252203135973071, 0.12499534088711571],
 [200, 15, 0.1, 0.10611988768921772, 0.15281665327136845, 0.1072880594313328],
 [200, 15, 1, 0.11332478882425971, 0.18814603361500948, 0.11154586895016788],
 [200, 16, 0.01, 0.10072527029381083, 0.10603684350077432, 0.10276386451623373],
 [200, 16, 0.1, 0.11234524692886165, 0.10989688993289844, 0.11603372001110801],
 [200, 16, 1, 0.09381112179103537, 0.16258007787264228, 0.7880340211062106],
 [200, 17, 0.01, 0.11085915201011926, 0.10619228328806564, 0.10477430366147404],
 [200, 17, 0.1, 0.09994006761444497, 0.14986329035880872, 0.10667435756053367],
 [200, 17, 1, 0.10191399349103898, 0.11489157494281559, 1.741130533478931],
 [200, 18, 0.01, 0.09540961453440368, 0.10176030319679671, 0.09973202242055496],
 [200, 18, 0.1, 0.09488342944693212, 0.1117612921840524, 0.20293283116037944],
 [200, 18, 1, 0.09291155898834973, 0.10186939248490431, 1.1425835999837783],
 [200, 19, 0.01, 0.09352661233191072, 0.09683973524050947, 0.10553193786083782],
 [200, 19, 0.1, 0.10610093586422231, 0.09965510888633566, 0.09985242257044455],
 [200, 19, 1, 0.09557359833693976, 1.0561309439896063, 6.133179884240788],
 [200, 20, 0.01, 0.09377080955918737, 0.10144948112546959, 0.09936586485201523],
 [200, 20, 0.1, 0.10472737536643266, 0.14763891123939143, 0.10847085599121446],
 [200, 20, 1, 0.08782136579029781, 2.297599207305465, 3.2229228846071907]]
