[[2, 0, 0.01, 0.06361225444920202, 0.5731243526537708, 0.5579327537529977],
 [2, 0, 0.1, 0.019067340547936212, 1.0236353527076232, 0.9210907770406309],
 [2, 0, 1, 0.013139422641100847, 0.511141772150069, 1.743518317146967],
 [2, 1, 0.01, 0.02141002882354222, 0.9347062565264048, 1.1402550336680088],
 [2, 1, 0.1, 0.2926638031962192, 0.7443251091005946, 0.7876457265544112],
 [2, 1, 1, 0.15386335815266125, 6.301264567205042, 0.7705717478590154],
 [2, 2, 0.01, 0.29878222796093945, 0.7255010003425651, 0.9899479245257621],
 [2, 2, 0.1, 0.035792229512453484, 1.0722815350636496, 1.5783529884814231],
 [2, 2, 1, 0.11944345992569283, 6.881042702192106, 7.0872041946180255],
 [2, 3, 0.01, 0.028944362118601324, 0.8959430320552016, 0.8923262375554464],
 [2, 3, 0.1, 0.027260943843957965, 0.6818032184402035, 0.7717878920719136],
 [2, 3, 1, 0.1774050479534423, 0.5764413479470031, 1.420635506467345],
 [2, 4, 0.01, 0.16946593090926673, 0.6937911958875727, 0.7081185266808575],
 [2, 4, 0.1, 0.00019219016309865165, 0.5487447505644858, 0.5645165077277964],
 [2, 4, 1, 0.050190690675353186, 0.49657279127797804, 4.443655790161207],
 [2, 5, 0.01, 0.1868895911076517, 0.5294422843616605, 0.5504520881644127],
 [2, 5, 0.1, 0.011561921994360007, 0.8047462489471717, 0.6583651232577226],
 [2, 5, 1, 0.00018214692550862715, 2.740815773717844, 4.0905191122764695],
 [2, 6, 0.01, 0.2793866579959363, 0.6803391246871515, 0.6366290490066492],
 [2, 6, 0.1, 0.14987943583378782, 1.20077872443884, 1.3390245884573406],
 [2, 6, 1, 0.0002293937789814443, 3.242409502001594, 1.932815747497488],
 [2, 7, 0.01, 0.002208254837393372, 1.3270161655064137, 1.3355003756559292],
 [2, 7, 0.1, 0.10837564884530143, 0.491124222641529, 0.5374781065961877],
 [2, 7, 1, 0.023668511918027837, 2.1158176227633025, 0.5748257729384106],
 [2, 8, 0.01, 0.08718497699155962, 0.38009867716918105, 0.37475052592875163],
 [2, 8, 0.1, 0.00010012992496622231, 0.5711348040281549, 0.5440742001576551],
 [2, 8, 1, 0.07848673393093851, 2.5874538251298764, 4.840348451931877],
 [2, 9, 0.01, 0.0148991161538796, 0.5673111142920673, 0.5348439965383007],
 [2, 9, 0.1, 0.013077464677607627, 1.0174930147993124, 1.6251496522195057],
 [2, 9, 1, 0.016029099389801925, 0.6628291936762668, 0.6015733076162191],
 [2, 10, 0.01, 0.20049979638834614, 0.5687395437610075, 0.5614035247873748],
 [2, 10, 0.1, 0.15477181996579142, 0.570549506876309, 0.5267193981988442],
 [2, 10, 1, 0.17254176342901695, 13.006955622206751, 1.3725744521888745],
 [2, 11, 0.01, 0.002253604861760793, 1.670360971462834, 1.8033390391602024],
 [2, 11, 0.1, 0.0006944291780954113, 0.5625335351125667, 0.5850458233867818],
 [2, 11, 1, 0.04450380897707726, 0.6443407021124643, 0.582573807757566],
 [2, 12, 0.01, 0.07909222490433576, 0.7614778654146852, 0.7714966214166556],
 [2, 12, 0.1, 0.28587134085447596, 0.8627293545695732, 0.7952366245404577],
 [2, 12, 1, 0.1725936301029132, 6.862931901614438, 4.548538622230096],
 [2, 13, 0.01, 0.013365837465545314, 0.5687309285733456, 0.5639924333943306],
 [2, 13, 0.1, 0.23527369642547832, 1.1271766041061717, 0.9683657010625109],
 [2, 13, 1, 0.1872009520214738, 3.2969739000238034, 1.4759976371661527],
 [2, 14, 0.01, 0.001822174019791304, 1.70052863669759, 1.6538962209417551],
 [2, 14, 0.1, 0.02406540718143218, 1.4861752865190012, 1.163902389893936],
 [2, 14, 1, 0.04530849617640628, 0.5098548982249527, 0.6041883837097749],
 [2, 15, 0.01, 4.9136368001793174e-05, 0.5467303388056761, 0.5349621537397159],
 [2, 15, 0.1, 0.005316409381097515, 0.66196639539486, 0.6611020645828837],
 [2, 15, 1, 0.014671739814588022, 2.4537268898191416, 4.5031193143612365],
 [2, 16, 0.01, 0.5745024783584518, 1.394698936184252, 1.54654054225305],
 [2, 16, 0.1, 0.0055398517662768754, 0.46663394312151096, 0.5827577874923595],
 [2, 16, 1, 0.39753725347027946, 2.3906793656637073, 6.202020725125772],
 [2, 17, 0.01, 0.46805582759057424, 0.8642423415863821, 0.8955870578101005],
 [2, 17, 0.1, 0.1027495488884746, 1.056852081142049, 1.3920972816402917],
 [2, 17, 1, 0.0014365256448451524, 5.5566579628184405, 0.8172797110360843],
 [2, 18, 0.01, 0.002956852852278281, 0.42746743397019316, 0.451337714221122],
 [2, 18, 0.1, 0.008027935342823632, 1.1320227568678605, 1.1681493926779716],
 [2, 18, 1, 0.025663864603142843, 0.9630411909383222, 0.5074404879578176],
 [2, 19, 0.01, 0.032831965174661984, 0.891099133280298, 0.9299590258643199],
 [2, 19, 0.1, 0.054129090456190354, 0.6960004263517386, 0.7196478666679346],
 [2, 19, 1, 0.0035264201845329095, 0.833192624359802, 0.6871275228257498],
 [2, 20, 0.01, 0.0016398814841334782, 0.6890527310515069, 0.6691042548543396],
 [2, 20, 0.1, 0.1120263843436656, 1.0765480206372708, 1.2852632455478226],
 [2, 20, 1, 0.020521517551828232, 4.093194832782168, 6.716840880661689],
 [5, 0, 0.01, 0.5832539862337934, 0.49488906322882603, 0.5209015976361033],
 [5, 0, 0.1, 0.2943904575249411, 0.5666927860344656, 0.48457867650614767],
 [5, 0, 1, 0.33778428139830174, 1.6421363439634014, 0.539470803878616],
 [5, 1, 0.01, 0.613906553555703, 0.516408981300232, 0.5462950453760859],
 [5, 1, 0.1, 0.5169137217438433, 0.7315552954196041, 0.5341087232236605],
 [5, 1, 1, 0.2521896058995754, 0.6499372704121067, 0.9057153669733762],
 [5, 2, 0.01, 0.31836418267343114, 0.7446768195214906, 0.7891610646968127],
 [5, 2, 0.1, 0.31464101082707596, 0.5071568479416249, 0.5320957087663143],
 [5, 2, 1, 0.2471997143266385, 2.8265560302845634, 0.7108085521259534],
 [5, 3, 0.01, 0.17949743343306368, 0.5131894486407135, 0.5680884663405894],
 [5, 3, 0.1, 0.3266022467426477, 0.8571571510008617, 0.7638149135565615],
 [5, 3, 1, 0.43113834591742933, 3.502039919546898, 0.47188858620675167],
 [5, 4, 0.01, 0.6952561631391218, 0.458293820099395, 0.4323394171897806],
 [5, 4, 0.1, 0.47283147442188855, 0.678308755068154, 0.8029434675328226],
 [5, 4, 1, 0.2060828365221219, 5.3752955415304005, 1.871895057764861],
 [5, 5, 0.01, 0.37616215954672744, 0.5542219819498301, 0.548657708233341],
 [5, 5, 0.1, 0.0211966030708537, 0.4182561675882938, 0.43134140126891674],
 [5, 5, 1, 0.42601172441352403, 0.7891379241524342, 6.479355738652064],
 [5, 6, 0.01, 0.21821410038253974, 0.4648223530077565, 0.459839622426217],
 [5, 6, 0.1, 0.5789356675677648, 0.4138169829918106, 0.48129994970063833],
 [5, 6, 1, 0.402521199837766, 7.877881707166903, 2.1388251108028333],
 [5, 7, 0.01, 0.10224229457465728, 0.45047634341903914, 0.41390482098478415],
 [5, 7, 0.1, 0.07933834110338867, 0.5562679068136148, 0.49957656703728454],
 [5, 7, 1, 0.43901356844908684, 4.560174202019934, 2.3333498333349167],
 [5, 8, 0.01, 0.3498667057263801, 1.119538910280978, 1.2976110808134163],
 [5, 8, 0.1, 0.3808972402842348, 0.40405476480412034, 0.4036317819621423],
 [5, 8, 1, 0.3985409837903383, 5.627520697858807, 2.0424993523019332],
 [5, 9, 0.01, 0.07962164601386304, 0.46489305689746346, 0.4892912182568977],
 [5, 9, 0.1, 0.3032177081911327, 0.8181012489128074, 0.7481759779730373],
 [5, 9, 1, 0.11228737415484073, 0.7446443924857218, 1.1414622923807334],
 [5, 10, 0.01, 0.01607078111949518, 0.49296981702461873, 0.5196339029783893],
 [5, 10, 0.1, 0.046637374804878506, 0.5552050563884875, 0.530522607220703],
 [5, 10, 1, 0.3519621063728837, 0.36349756316651444, 2.0978336422633377],
 [5, 11, 0.01, 0.1453938459548117, 0.6551416989230947, 0.7023306783745892],
 [5, 11, 0.1, 0.01190133212864127, 0.6186147249789269, 0.5415577314992711],
 [5, 11, 1, 0.06202437665330773, 0.7118162770426417, 0.48620417157795853],
 [5, 12, 0.01, 0.045759622925304846, 0.47308201581387144, 0.4863496721357734],
 [5, 12, 0.1, 0.01724639597166335, 0.45556977453394054, 0.6116690557452154],
 [5, 12, 1, 0.1816377438232192, 1.282326675647933, 1.8546231887325582],
 [5, 13, 0.01, 0.12780747655994634, 0.422885570175339, 0.43124137676298907],
 [5, 13, 0.1, 0.10402085566131727, 0.41268384872823183, 0.3673719905471849],
 [5, 13, 1, 0.1224713618667547, 0.8089207555546937, 0.8260413635468339],
 [5, 14, 0.01, 0.35538954518961546, 0.4261035280323014, 0.4298370256837866],
 [5, 14, 0.1, 0.05512088585174696, 0.5115946903090106, 0.5826062072261541],
 [5, 14, 1, 0.18452866329156384, 1.5257891503681613, 5.381160656934913],
 [5, 15, 0.01, 0.18506139469953292, 0.3412758457828255, 0.3540026215688054],
 [5, 15, 0.1, 0.36619642909363836, 0.6234896279866589, 0.628102438590418],
 [5, 15, 1, 0.0495430537064339, 0.7159371705604359, 0.5054374663526068],
 [5, 16, 0.01, 0.36485676739728223, 0.5734329418086813, 0.574891391101371],
 [5, 16, 0.1, 0.43731513339488143, 0.3737660898163933, 0.400442215223974],
 [5, 16, 1, 0.37951620304335854, 2.4036758809985024, 1.3543415598916624],
 [5, 17, 0.01, 0.28436077384819347, 0.32897410851037295, 0.32276097050982583],
 [5, 17, 0.1, 0.019928209087668056, 0.623684907017295, 0.6469405911299458],
 [5, 17, 1, 0.1079254535251832, 0.7362507706627698, 0.45310900406350907],
 [5, 18, 0.01, 0.1533731719721398, 0.39522733410840777, 0.3929154760842999],
 [5, 18, 0.1, 0.30145678393893494, 0.9088319806459506, 0.9610000970497689],
 [5, 18, 1, 0.04728522023581896, 3.1968296464718793, 1.9606504802872968],
 [5, 19, 0.01, 0.12205515883398337, 0.37951372355939694, 0.3503597110947824],
 [5, 19, 0.1, 0.18747426035058795, 0.8792098437320669, 1.1447779182288835],
 [5, 19, 1, 0.3810661215306446, 0.6428627977974307, 0.6884231130052514],
 [5, 20, 0.01, 0.10971293110172615, 0.6306621544058699, 0.5538878074853734],
 [5, 20, 0.1, 0.34681518070958534, 0.9379044725676576, 0.9963710934368442],
 [5, 20, 1, 0.11414753111235772, 0.947159282777259, 0.8964366082945778],
 [10, 0, 0.01, 0.3326061615897043, 0.5060685652616854, 0.49886293187834413],
 [10, 0, 0.1, 0.6433838924751344, 0.5004709177708399, 0.5113395745206907],
 [10, 0, 1, 0.37405537991134014, 0.6112421119646197, 0.6111408355801131],
 [10, 1, 0.01, 0.370285048619747, 0.5048637589635638, 0.8396720498611203],
 [10, 1, 0.1, 0.42239412938656934, 0.5094119135521946, 0.5840963192998321],
 [10, 1, 1, 0.679709576782534, 0.8306471426389865, 0.7107065310717541],
 [10, 2, 0.01, 0.6458614666025689, 0.5444696774938629, 0.5888274709636315],
 [10, 2, 0.1, 0.31709811126938875, 0.6082092770126418, 0.596476243449107],
 [10, 2, 1, 0.5242382834711222, 0.6984960767149128, 0.44499768504598003],
 [10, 3, 0.01, 0.4253142433353087, 0.514502737680326, 0.4963607635312529],
 [10, 3, 0.1, 0.37532913249793404, 0.5497107316020874, 0.6326721332908213],
 [10, 3, 1, 0.44736873595969884, 1.1947840528141698, 2.239344795172442],
 [10, 4, 0.01, 0.39324566309010855, 0.6122340367179631, 0.6269380208942023],
 [10, 4, 0.1, 0.4209956041931173, 0.6920300842772564, 0.6194093715797389],
 [10, 4, 1, 0.41708691599248066, 0.44074872849654534, 1.2959532360626616],
 [10, 5, 0.01, 0.27981935190747903, 0.41293236537157335, 0.4206829323613965],
 [10, 5, 0.1, 0.4569770606676314, 0.40750408645651354, 0.4097532738851354],
 [10, 5, 1, 0.1754011552791663, 0.5732958404499445, 1.4942830847632582],
 [10, 6, 0.01, 0.2716909493770684, 0.3870765428091117, 0.3867137016486958],
 [10, 6, 0.1, 0.30735148613864716, 0.463156128397368, 0.4543293910639221],
 [10, 6, 1, 0.5111012797359377, 1.5463979916797752, 6.362845063568609],
 [10, 7, 0.01, 0.2448776142678394, 0.33399632849760846, 0.3620655122301627],
 [10, 7, 0.1, 0.31302671757713946, 0.5515144638184888, 0.5466872606522201],
 [10, 7, 1, 0.35931958461069496, 2.2454572441869507, 1.1843734365806964],
 [10, 8, 0.01, 0.3812042652889002, 0.36406799172964155, 0.342588568231824],
 [10, 8, 0.1, 0.2990510287341351, 0.39290439667881405, 0.401650992976361],
 [10, 8, 1, 0.2394444793293752, 3.8740067546725605, 1.7575200099230666],
 [10, 9, 0.01, 0.280656438008601, 0.3602439257038908, 0.3696736889291119],
 [10, 9, 0.1, 0.39648170477040756, 0.4529886075526819, 0.45416973748118183],
 [10, 9, 1, 0.3370593134601629, 1.8088472036237062, 0.9357271774040341],
 [10, 10, 0.01, 0.38844791553854263, 0.36035167553132447, 0.34873062504416125],
 [10, 10, 0.1, 0.2199968112106419, 0.4031450970547479, 0.4539198040514709],
 [10, 10, 1, 0.5918664617177837, 0.4305172233441057, 0.5661050750299339],
 [10, 11, 0.01, 0.36161396555717384, 0.3623271526599938, 0.3654281166601013],
 [10, 11, 0.1, 0.27123881661249183, 0.38930590671663, 0.37363301184533704],
 [10, 11, 1, 0.3991612039069133, 8.430803396902009, 2.724920958697724],
 [10, 12, 0.01, 0.37532324990891386, 0.3753775460204409, 0.40928066431397486],
 [10, 12, 0.1, 0.17092662447669454, 0.5781649942042086, 0.48930740349823015],
 [10, 12, 1, 0.22001644906878962, 3.3673913982773587, 2.0551610503069395],
 [10, 13, 0.01, 0.35666717593893854, 0.3492819370855169, 0.3415430702494002],
 [10, 13, 0.1, 0.3561302778674362, 0.4179039957966599, 0.42336541501984565],
 [10, 13, 1, 0.4110471212913186, 0.6760751837590188, 23.067679091516666],
 [10, 14, 0.01, 0.24771433321863962, 0.7199805918871183, 0.708375527509031],
 [10, 14, 0.1, 0.3698067938417828, 0.3521082919104134, 0.36248501367086067],
 [10, 14, 1, 0.3758623802807962, 1.5368353469223288, 6.7307467172518285],
 [10, 15, 0.01, 0.268895214065045, 0.39357722627029135, 0.37061349357455386],
 [10, 15, 0.1, 0.392722753238914, 0.35643172101218346, 0.3652902317517107],
 [10, 15, 1, 0.110051718266963, 4.156640045368379, 1.1964818292092114],
 [10, 16, 0.01, 0.24297241982427592, 0.34029565206012924, 0.35638145151870676],
 [10, 16, 0.1, 0.3954837872499479, 0.5057714630004359, 0.36617875107965137],
 [10, 16, 1, 0.5057286201258125, 7.946129008710942, 3.0797337936422506],
 [10, 17, 0.01, 0.47023243232224476, 0.3574725874690649, 0.3685528339511151],
 [10, 17, 0.1, 0.19650507796077557, 0.34112596217443747, 0.35245746337704004],
 [10, 17, 1, 0.43165262215725575, 1.7963653500485934, 3.2369324202766183],
 [10, 18, 0.01, 0.252218271119037, 0.35648280880729427, 0.3552930006993052],
 [10, 18, 0.1, 0.24699026224488985, 0.746526511818286, 0.7084409791999429],
 [10, 18, 1, 0.27681207602589747, 6.724303816134138, 1.0343156605965098],
 [10, 19, 0.01, 0.3282778142506534, 0.37432524727599725, 0.4077758979192797],
 [10, 19, 0.1, 0.27545483774248314, 0.3309959324443459, 0.3615367513715635],
 [10, 19, 1, 0.33917423252597867, 0.9694804570779109, 0.6654890027265394],
 [10, 20, 0.01, 0.2427509147604221, 0.33855165854370034, 0.3198893800059944],
 [10, 20, 0.1, 0.28839736530814136, 0.552814896168995, 0.4031670217504056],
 [10, 20, 1, 0.28225518631636626, 0.8584801544001914, 3.879505596363363],
 [20, 0, 0.01, 0.5659991592446524, 0.5016145644655414, 0.5086211636433734],
 [20, 0, 0.1, 0.5804386139278599, 0.5173417054686346, 0.4971609081673267],
 [20, 0, 1, 0.45299550816037926, 0.5151324879134872, 0.6016824137098761],
 [20, 1, 0.01, 0.3942335203711485, 0.5301133091911905, 0.818344753612617],
 [20, 1, 0.1, 0.49299039721116145, 0.5554512575923144, 0.858774270161487],
 [20, 1, 1, 0.4469908033500262, 1.0356541855491572, 0.9628272199737603],
 [20, 2, 0.01, 0.3734470267976696, 0.5144203157171373, 0.5224065336953246],
 [20, 2, 0.1, 0.4977352856799187, 0.47508764322932695, 0.47611056084087966],
 [20, 2, 1, 0.4381278347011814, 0.5326623878192467, 0.8737349474917415],
 [20, 3, 0.01, 0.49163858695665547, 0.5540967599913039, 0.5466903933744259],
 [20, 3, 0.1, 0.47070212590925326, 0.47123996710047733, 0.5932660766491364],
 [20, 3, 1, 0.4678692614495977, 2.497332999339481, 3.5164225856226934],
 [20, 4, 0.01, 0.332438878614976, 0.5025297250711471, 0.49554945044501414],
 [20, 4, 0.1, 0.4485473503653913, 0.5632167655792992, 0.4674012053984279],
 [20, 4, 1, 0.39293435050305364, 1.7218803093996495, 0.4490785136916182],
 [20, 5, 0.01, 0.3553867407118544, 0.43341796174309316, 0.4559683650472405],
 [20, 5, 0.1, 0.5215134367697692, 0.40267448418277635, 0.41170538196782636],
 [20, 5, 1, 0.21833774698467825, 3.068044334248342, 0.4059606676361675],
 [20, 6, 0.01, 0.4450785079052923, 0.4256528585840655, 0.4569368988068056],
 [20, 6, 0.1, 0.2707343884669612, 0.3200968577681455, 0.3295411113342397],
 [20, 6, 1, 0.41078535512054887, 1.9593896068783474, 9.01129452328775],
 [20, 7, 0.01, 0.4178132584407594, 0.4128974118885266, 0.4045684188412634],
 [20, 7, 0.1, 0.30588610182454873, 0.33466509566121694, 0.3107496268772553],
 [20, 7, 1, 0.20224881582391435, 0.48362852086614316, 0.35959250329812464],
 [20, 8, 0.01, 0.35117866161137556, 0.5210823563425049, 0.5227717667816236],
 [20, 8, 0.1, 0.4200601446643889, 0.3824837103402114, 0.38559233078690897],
 [20, 8, 1, 0.2592240038423713, 2.206637425503048, 3.522246350765539],
 [20, 9, 0.01, 0.2267575515070078, 0.3530408500394289, 0.37607684053383056],
 [20, 9, 0.1, 0.17528054998469045, 0.4859227959145323, 0.3836305871943609],
 [20, 9, 1, 0.3422664221467625, 2.464792658747432, 4.889869202751604],
 [20, 10, 0.01, 0.45006869696966695, 0.36636195244325775, 0.35482999958206796],
 [20, 10, 0.1, 0.26103656637979666, 0.3468246508323507, 0.3321688353879362],
 [20, 10, 1, 0.40835213591657665, 0.34889357238792607, 3.6971070550165788],
 [20, 11, 0.01, 0.28800743847974886, 0.44401721073178374, 0.42583402566734546],
 [20, 11, 0.1, 0.29135113527717243, 0.3639485713430011, 0.39578616253719573],
 [20, 11, 1, 0.33755513481911903, 0.6450554488413885, 1.5387254924042257],
 [20, 12, 0.01, 0.3395551825101252, 0.3452816394797712, 0.3533432924160373],
 [20, 12, 0.1, 0.2088153264718658, 0.4028046791713049, 0.38492469682994446],
 [20, 12, 1, 0.3999428566256056, 5.854031603191675, 0.42331511373769765],
 [20, 13, 0.01, 0.2918250014054447, 0.3487097302491008, 0.36422827050801265],
 [20, 13, 0.1, 0.3601058704270747, 0.32640382555128294, 0.38957563542148704],
 [20, 13, 1, 0.29256119366167516, 1.6191741080892108, 0.8573566231873934],
 [20, 14, 0.01, 0.32041983477436575, 0.41216634552428383, 0.4140860842959855],
 [20, 14, 0.1, 0.2288298781692481, 0.3542255408655651, 0.38161484932126255],
 [20, 14, 1, 0.48370488220112345, 3.6539406926750337, 1.030875287366048],
 [20, 15, 0.01, 0.29308018111072426, 0.3388193991489387, 0.38359661693449115],
 [20, 15, 0.1, 0.43168574566795226, 0.3531387243084825, 0.4019991494787809],
 [20, 15, 1, 0.29889582047963537, 5.284595685068137, 0.3801220521831196],
 [20, 16, 0.01, 0.27450097315834854, 0.3367162286014807, 0.3646556419532457],
 [20, 16, 0.1, 0.4145127241314384, 0.33579643262431574, 0.3324309353143182],
 [20, 16, 1, 0.3616731384733999, 0.6667227507637201, 0.8025385365566312],
 [20, 17, 0.01, 0.41280045458847187, 0.35896756256806345, 0.36601672067295715],
 [20, 17, 0.1, 0.33604746409704334, 0.3582216897560532, 0.360589520419192],
 [20, 17, 1, 0.2913979627926023, 2.6940451061666675, 0.3472163965572678],
 [20, 18, 0.01, 0.348368479409827, 0.35299312129185706, 0.36533404884334925],
 [20, 18, 0.1, 0.2952143334966003, 0.5841856052701042, 0.46012008011615463],
 [20, 18, 1, 0.36986510065570843, 1.0439090109376872, 0.4071169007233511],
 [20, 19, 0.01, 0.26885958890025974, 0.3665244347326731, 0.3646665607455549],
 [20, 19, 0.1, 0.2181747781111732, 0.4511340056185515, 0.4119116484913066],
 [20, 19, 1, 0.38417772607763095, 0.3416401922933921, 0.5503519887773375],
 [20, 20, 0.01, 0.30450704420201785, 0.3415571550776044, 0.32846157659502334],
 [20, 20, 0.1, 0.2585660219627052, 0.46685702805695745, 0.4214063048299417],
 [20, 20, 1, 0.26190935782142893, 8.883171501753946, 3.18904864471381],
 [50, 0, 0.01, 0.4472043509828467, 0.5223833515314673, 0.5175954521327404],
 [50, 0, 0.1, 0.5066270884908989, 0.5950695537231965, 0.5409331624841558],
 [50, 0, 1, 0.47038835277742946, 1.2431042837225452, 0.985551295328142],
 [50, 1, 0.01, 0.5874832011162872, 0.5400216865469527, 1.1729139634738668],
 [50, 1, 0.1, 0.5549097335174755, 0.5262582611453507, 0.795606632754782],
 [50, 1, 1, 0.45902205667787727, 0.7656431995980819, 1.1955871226981958],
 [50, 2, 0.01, 0.44586688563585575, 0.44040922219590456, 0.48029590643511744],
 [50, 2, 0.1, 0.4564044621065284, 0.47973010181300235, 0.5263308433665467],
 [50, 2, 1, 0.4930703647253097, 1.9357157631053197, 0.5173390569275612],
 [50, 3, 0.01, 0.3700467662016556, 0.4502858739749556, 0.4595403632247877],
 [50, 3, 0.1, 0.42691881632030876, 0.5095556383898112, 0.4790290855757609],
 [50, 3, 1, 0.40324459753518865, 1.0126654052067534, 1.1326226908024621],
 [50, 4, 0.01, 0.502989365239848, 0.4382024932826733, 0.4507169474254437],
 [50, 4, 0.1, 0.3970847000407507, 0.398727426297997, 0.4140153964360821],
 [50, 4, 1, 0.4370253072104382, 4.902730098651914, 3.070877093649753],
 [50, 5, 0.01, 0.47652267480899674, 0.44340628457067777, 0.44633354933690234],
 [50, 5, 0.1, 0.3869362298512853, 0.4751937924289448, 0.424701385585179],
 [50, 5, 1, 0.4503551712838459, 3.535974421778028, 0.5094853707040318],
 [50, 6, 0.01, 0.2984712243567518, 0.3383127526779162, 0.35046140977418905],
 [50, 6, 0.1, 0.4534127416574219, 0.4491513535911348, 0.44743115693935515],
 [50, 6, 1, 0.3330957585039037, 3.552461365025441, 1.0067373238564383],
 [50, 7, 0.01, 0.32164832740696164, 0.3478769712892827, 0.37367443572750236],
 [50, 7, 0.1, 0.3839331414177473, 0.3990244066480164, 0.41960231276858384],
 [50, 7, 1, 0.3859436608713204, 12.646459504237733, 8.303501191406351],
 [50, 8, 0.01, 0.31228770317708443, 0.3812165435181728, 0.37120833618291976],
 [50, 8, 0.1, 0.39683744148699895, 0.3763745652193591, 0.4043000763938919],
 [50, 8, 1, 0.3318949544853538, 3.0815145656677783, 0.877474486356112],
 [50, 9, 0.01, 0.3267283075367201, 0.3453591338975507, 0.3567635720128998],
 [50, 9, 0.1, 0.3025265795663668, 0.34704397504061724, 0.36691986565722245],
 [50, 9, 1, 0.35501011100431457, 0.45809890355784133, 1.5045330488924915],
 [50, 10, 0.01, 0.2601697423333462, 0.3342835468749171, 0.3412190808575289],
 [50, 10, 0.1, 0.33033609789985235, 0.3911110242670443, 0.4004540048177943],
 [50, 10, 1, 0.3516109421419042, 1.54308449257027, 1.0997485689503697],
 [50, 11, 0.01, 0.3675272187544628, 0.4032153559156474, 0.3897757368269374],
 [50, 11, 0.1, 0.28483089760491775, 0.3397180605299917, 0.3360134779800384],
 [50, 11, 1, 0.33536883825584163, 1.7361952031803318, 0.7016643550847228],
 [50, 12, 0.01, 0.3977400134475601, 0.39956619744607424, 0.3918588115647129],
 [50, 12, 0.1, 0.3180187759001334, 0.32351290322890647, 0.32363259623113855],
 [50, 12, 1, 0.41605702467102973, 0.37207283570934346, 2.0468844783247246],
 [50, 13, 0.01, 0.3329353995745973, 0.35284621957933526, 0.35296971030161906],
 [50, 13, 0.1, 0.247979520892317, 0.3900857408081616, 0.3619029386611094],
 [50, 13, 1, 0.29148617244696595, 0.5821778114563206, 0.3321838424254488],
 [50, 14, 0.01, 0.4035863259082285, 0.40483837177241366, 0.3926839098575884],
 [50, 14, 0.1, 0.29236366138033426, 0.37421199179498543, 0.40652038258455814],
 [50, 14, 1, 0.2920763195519101, 0.39653437968094846, 0.663702949396747],
 [50, 15, 0.01, 0.32187565803653123, 0.3681309639084379, 0.3727931721536932],
 [50, 15, 0.1, 0.28155582560482234, 0.3123115454860151, 0.3156636085535905],
 [50, 15, 1, 0.36685633675832463, 1.5811313116074304, 2.5908218742494684],
 [50, 16, 0.01, 0.3356766587228588, 0.3912059717434014, 0.3730824554636678],
 [50, 16, 0.1, 0.3501272765829151, 0.32206075568439596, 0.32271568172819953],
 [50, 16, 1, 0.2439231722671912, 1.7663654645907754, 1.7279423144021928],
 [50, 17, 0.01, 0.39888490094854, 0.34003933810551323, 0.3163189090251177],
 [50, 17, 0.1, 0.31933781442172315, 0.3266006419897877, 0.3180997592413654],
 [50, 17, 1, 0.35410278648659316, 9.278182481616563, 1.6914654358780097],
 [50, 18, 0.01, 0.29269388154930903, 0.3520381032651924, 0.3454508701646541],
 [50, 18, 0.1, 0.44261796158056305, 0.3833357060388313, 0.36892526947164833],
 [50, 18, 1, 0.3170600202686888, 0.7892267209427717, 0.36863521916092623],
 [50, 19, 0.01, 0.3582572142644574, 0.3289898869983294, 0.3483033838012047],
 [50, 19, 0.1, 0.32907742478006236, 0.34122812050703044, 0.3616224829110402],
 [50, 19, 1, 0.3067965449422861, 0.7938267089972603, 1.739315833699599],
 [50, 20, 0.01, 0.3260528528636116, 0.3511688968557798, 0.35096452379352233],
 [50, 20, 0.1, 0.38791926792320325, 0.3157296243993247, 0.35792737591158813],
 [50, 20, 1, 0.3235968215698916, 1.3808685629514181, 0.4158259962425732],
 [100, 0, 0.01, 0.5239823186294885, 0.5265649422067581, 0.5203207446254702],
 [100, 0, 0.1, 0.49929676330605605, 0.5629684035654144, 0.48571026300839126],
 [100, 0, 1, 0.4740114316419857, 0.5488329427739712, 0.8855963101728465],
 [100, 1, 0.01, 0.523397246247114, 0.5544688875793591, 1.018136837317213],
 [100, 1, 0.1, 0.46079521327883777, 0.550002072587471, 0.770673091669904],
 [100, 1, 1, 0.5375461986158893, 0.5860170585779457, 0.7898203892160985],
 [100, 2, 0.01, 0.46430943185087087, 0.47547151187537995, 0.5612066687671102],
 [100, 2, 0.1, 0.5149711554567883, 0.5075238750622086, 0.4975343215990429],
 [100, 2, 1, 0.5200642827307198, 1.7029558740550659, 0.5410118728514238],
 [100, 3, 0.01, 0.49530714337069176, 0.48317881768980336, 0.4590673422696675],
 [100, 3, 0.1, 0.5285976998459507, 0.5064205919076672, 0.46259089245759877],
 [100, 3, 1, 0.42767378330549094, 0.5966239718153339, 0.6752383631441595],
 [100, 4, 0.01, 0.4041240598958455, 0.4083512527096051, 0.4188878408694623],
 [100, 4, 0.1, 0.4134455353810059, 0.40163828974184684, 0.3601675037550396],
 [100, 4, 1, 0.41686492039221884, 0.6591062108949083, 2.6049499288544475],
 [100, 5, 0.01, 0.33702835944181286, 0.3554707826777377, 0.3478449854794617],
 [100, 5, 0.1, 0.3096548733447684, 0.3694493055295986, 0.37045507025978325],
 [100, 5, 1, 0.42320216683746215, 0.41560772797840906, 3.4523685555080426],
 [100, 6, 0.01, 0.3482278918517033, 0.3427794778262522, 0.36395729837910235],
 [100, 6, 0.1, 0.38522477193708016, 0.37512742643924674, 0.40525418719995515],
 [100, 6, 1, 0.43621922049284534, 0.40330118066653997, 2.700499250912862],
 [100, 7, 0.01, 0.40215317340448165, 0.42187730806645185, 0.4142438112442978],
 [100, 7, 0.1, 0.3355106264268982, 0.4531202225114081, 0.4601366636674723],
 [100, 7, 1, 0.330738022815803, 3.434783339350683, 0.34692626054197706],
 [100, 8, 0.01, 0.3652626948026924, 0.3397695539312092, 0.3292929727287699],
 [100, 8, 0.1, 0.3148248599088604, 0.3997837111129169, 0.4159290474516487],
 [100, 8, 1, 0.2655427436622391, 0.5947932997285966, 1.1110710193249251],
 [100, 9, 0.01, 0.3511448287389549, 0.3342691911779584, 0.3235002290092299],
 [100, 9, 0.1, 0.3933515873786767, 0.5082866141598361, 0.4324881333261014],
 [100, 9, 1, 0.3749258501906941, 1.0157999950334873, 0.3625024323023615],
 [100, 10, 0.01, 0.36387123069319993, 0.391133997645261, 0.38693233802033017],
 [100, 10, 0.1, 0.3869737627710041, 0.39111148344986324, 0.40370143582547874],
 [100, 10, 1, 0.39189674986514544, 1.0668903627258568, 0.38341322529299837],
 [100, 11, 0.01, 0.2814896620802057, 0.36823097740144006, 0.36197297315942606],
 [100, 11, 0.1, 0.39519672471537204, 0.36441902064323595, 0.3846529097443692],
 [100, 11, 1, 0.2931110137801408, 1.2655455799627378, 1.8697762428689877],
 [100, 12, 0.01, 0.386822689759707, 0.3878701208436467, 0.3922498528340677],
 [100, 12, 0.1, 0.3685230101730562, 0.35903988921504915, 0.3252459344739766],
 [100, 12, 1, 0.26499049688746196, 0.46293579132587864, 5.8367813561390935],
 [100, 13, 0.01, 0.3537791476908773, 0.40628125637183415, 0.40117402311289513],
 [100, 13, 0.1, 0.3103711201980888, 0.30211717618059664, 0.3600624461214541],
 [100, 13, 1, 0.3328260277178112, 0.5420822643230604, 5.534163325302115],
 [100, 14, 0.01, 0.24934853719372502, 0.3495763978181886, 0.3273276617147132],
 [100, 14, 0.1, 0.32985470230393527, 0.35719360454436716, 0.37762451599420177],
 [100, 14, 1, 0.30831854535739917, 0.5593267833297322, 1.8959159158947447],
 [100, 15, 0.01, 0.3437405225074631, 0.38849855458168076, 0.3877286630402583],
 [100, 15, 0.1, 0.3656056960110506, 0.3309237159549708, 0.3356944821687552],
 [100, 15, 1, 0.40052422006709215, 1.9587424546363268, 2.5676854134485154],
 [100, 16, 0.01, 0.3354741293848861, 0.3698649312456398, 0.3689661873615302],
 [100, 16, 0.1, 0.35559586641921015, 0.32800824614272583, 0.32277901196010966],
 [100, 16, 1, 0.3236166409098486, 7.382753067367966, 0.36456332478850556],
 [100, 17, 0.01, 0.2881420653567676, 0.3091927640016067, 0.32517018452178403],
 [100, 17, 0.1, 0.3405140990611202, 0.37381962667702806, 0.35079479616754633],
 [100, 17, 1, 0.30414966842865343, 1.5463840312747839, 3.91410282898444],
 [100, 18, 0.01, 0.3433226456864129, 0.3557677666241033, 0.32800855506316556],
 [100, 18, 0.1, 0.32392318728162306, 0.3455930506092354, 0.3330480546682196],
 [100, 18, 1, 0.3221501804215193, 4.855021356055086, 1.626672861878222],
 [100, 19, 0.01, 0.31656605642957253, 0.34638045276092566, 0.3376445581975056],
 [100, 19, 0.1, 0.36532638880651047, 0.3636469679730321, 0.4279678425686344],
 [100, 19, 1, 0.31092418569706576, 0.4986573281534712, 0.4897228980681446],
 [100, 20, 0.01, 0.37303641022419076, 0.3229035242600438, 0.3284804915974359],
 [100, 20, 0.1, 0.3033514849564125, 0.39974180085968475, 0.3270482376022769],
 [100, 20, 1, 0.34352186226545917, 1.4404739042842107, 3.9518336755437455],
 [200, 0, 0.01, 0.5302335151595553, 0.5083623133977521, 0.5003296796513979],
 [200, 0, 0.1, 0.47580731957037775, 0.4885474469018475, 0.5545653564755225],
 [200, 0, 1, 0.5237161999895774, 0.7710862121632541, 0.5141248746976801],
 [200, 1, 0.01, 0.47359315116213485, 0.49234852194128004, 0.507417893105874],
 [200, 1, 0.1, 0.49618438818305827, 0.4894525028590726, 0.5264208184051569],
 [200, 1, 1, 0.5041723566700962, 5.824674000167166, 6.778868820677573],
 [200, 2, 0.01, 0.4700734973545429, 0.4510256979844778, 0.45303111527632633],
 [200, 2, 0.1, 0.4827372153900796, 0.5017102343920323, 0.5724052285736644],
 [200, 2, 1, 0.5413345870239826, 1.5812286915935738, 0.5933584818350185],
 [200, 3, 0.01, 0.5017103114778182, 0.4934131137156226, 0.4973089517581438],
 [200, 3, 0.1, 0.4097978940088638, 0.47517776047552907, 0.46446461779526005],
 [200, 3, 1, 0.49353661927459, 1.6937622558058825, 2.320081283877486],
 [200, 4, 0.01, 0.4509445844880918, 0.4090234652435308, 0.43254841334162875],
 [200, 4, 0.1, 0.3808088965326405, 0.3866789858485272, 0.38096236642918263],
 [200, 4, 1, 0.4703030103464974, 2.9862904550452978, 4.892096972346655],
 [200, 5, 0.01, 0.3719902183979829, 0.4192346679715518, 0.40993327294275106],
 [200, 5, 0.1, 0.3540049717283572, 0.35346984225970846, 0.3601356692363277],
 [200, 5, 1, 0.35214227870666726, 0.9849635156398032, 0.6166201279484244],
 [200, 6, 0.01, 0.4131012229408027, 0.40715624092898245, 0.40882546501385203],
 [200, 6, 0.1, 0.36853394156529795, 0.4297195769079635, 0.5592766135648516],
 [200, 6, 1, 0.42344991220878136, 1.3120336195177253, 0.8834244865503088],
 [200, 7, 0.01, 0.3460382758306728, 0.3755509886389985, 0.37320704764961327],
 [200, 7, 0.1, 0.359858742703848, 0.3581258727440645, 0.3629327586639782],
 [200, 7, 1, 0.3181709742829739, 3.3034978635570713, 2.0612743153568185],
 [200, 8, 0.01, 0.3881605337425799, 0.38627027793186197, 0.3793496715614976],
 [200, 8, 0.1, 0.35777588861314613, 0.375732991439343, 0.35709282021876393],
 [200, 8, 1, 0.35449404793472566, 11.775106178971113, 3.771240733190062],
 [200, 9, 0.01, 0.29778219273742446, 0.31039207004490654, 0.3618204682359323],
 [200, 9, 0.1, 0.3448971006056947, 0.3463207104236521, 0.42771217072252665],
 [200, 9, 1, 0.37759994293730414, 1.3477574241797943, 1.2691245327023766],
 [200, 10, 0.01, 0.3211081959183012, 0.327336793921154, 0.30915660663745737],
 [200, 10, 0.1, 0.3121977444702657, 0.34397935591229595, 0.3330394946098066],
 [200, 10, 1, 0.4304324550307374, 3.165626515483273, 1.7649300131036183],
 [200, 11, 0.01, 0.3635855694697681, 0.36171785620159763, 0.35990525966674497],
 [200, 11, 0.1, 0.36812987771897704, 0.43400579084808644, 0.4677337127873067],
 [200, 11, 1, 0.36749434203180287, 3.618168184650169, 0.49647051155595706],
 [200, 12, 0.01, 0.39799155223013705, 0.34483398701109585, 0.349457307336242],
 [200, 12, 0.1, 0.2928476353781022, 0.3377726029368582, 0.4000173894682207],
 [200, 12, 1, 0.31517926857130596, 0.3992492263889336, 1.5334782228419817],
 [200, 13, 0.01, 0.3563076790870128, 0.35763672100574506, 0.349568368081947],
 [200, 13, 0.1, 0.3488391616006863, 0.38846874829256933, 0.3957938104313351],
 [200, 13, 1, 0.35604578394770003, 1.5616162742281858, 1.625621755360725],
 [200, 14, 0.01, 0.37370349872027403, 0.3539247006153125, 0.3543462876823028],
 [200, 14, 0.1, 0.32366593733988913, 0.3527961770420837, 0.36418066408154626],
 [200, 14, 1, 0.35261615931890944, 0.9847969208138918, 0.9263097938664491],
 [200, 15, 0.01, 0.3559408642253654, 0.33699864379556643, 0.3310017664172265],
 [200, 15, 0.1, 0.3139775541832019, 0.3727436588804078, 0.36837845976935896],
 [200, 15, 1, 0.37997904286786116, 0.4421611240730334, 2.7292694203819936],
 [200, 16, 0.01, 0.37423482695798943, 0.3627803705479243, 0.34286272854993494],
 [200, 16, 0.1, 0.32974490741145557, 0.3108816096419616, 0.3452853343281074],
 [200, 16, 1, 0.32481707945914917, 0.9325340234747453, 0.7149992147154368],
 [200, 17, 0.01, 0.3292317566765783, 0.3424108587355091, 0.33059206824701703],
 [200, 17, 0.1, 0.3341874191595581, 0.3349111031953031, 0.34091746348092933],
 [200, 17, 1, 0.2765895147369384, 1.11629420301524, 3.6589768810473333],
 [200, 18, 0.01, 0.34824434240708046, 0.3668428259584397, 0.3558075382063364],
 [200, 18, 0.1, 0.38403405802212215, 0.4217230448793935, 0.4070766143747427],
 [200, 18, 1, 0.2639167212137361, 7.821528387035946, 2.722633011534719],
 [200, 19, 0.01, 0.35334459494351217, 0.36314843926532586, 0.35305226931576095],
 [200, 19, 0.1, 0.3410682131742784, 0.41725945199685566, 0.5297662023858932],
 [200, 19, 1, 0.31119266623813824, 0.6768070866349482, 0.6025995712449246],
 [200, 20, 0.01, 0.3373829403918438, 0.3030431577239482, 0.3191931188687598],
 [200, 20, 0.1, 0.3095105550943731, 0.34486234969475615, 0.3546394306247049],
 [200, 20, 1, 0.4045202530036145, 1.949084985577416, 1.711094730515013]]
