[[2, 1, 0.01, 0.28249948272713016, 0.6718121931425525, 0.48095235176008494],
 [2, 1, 0.1, 0.3243986540896087, 0.6593163727677873, 0.4938888603164141],
 [2, 1, 1, 0.41435992789889375, 2.0945227867165523, 2.8407096898134068],
 [2, 2, 0.01, 0.2126109986093728, 0.678138739059693, 0.5143651075687242],
 [2, 2, 0.1, 0.2578215713228623, 0.6607137124293004, 0.49680109602382466],
 [2, 2, 1, 0.2856918205838212, 1.633348729667328, 0.7556869108648572],
 [2, 3, 0.01, 0.21207506768057777, 0.6251397923608806, 0.48492290985104675],
 [2, 3, 0.1, 0.261733866873045, 0.6577143829887226, 0.4981415424817456],
 [2, 3, 1, 0.21810989964236108, 2.0106309462899015, 2.5872691301105606],
 [2, 4, 0.01, 0.19959088300951214, 0.6725120340333852, 0.47743867018161884],
 [2, 4, 0.1, 0.24651668487876566, 0.635507381493005, 0.5085565596318091],
 [2, 4, 1, 0.26192429047431803, 2.125304276674086, 4.289878226946896],
 [2, 5, 0.01, 0.22158786889080084, 0.6511106441260871, 0.47633582547353587],
 [2, 5, 0.1, 0.16672317046764443, 0.7339960326168211, 0.49933461788349925],
 [2, 5, 1, 0.4176347137378644, 3.7007370804522473, 8.421376619140794],
 [2, 6, 0.01, 0.26204791893758833, 0.6959923617997975, 0.5288011019549521],
 [2, 6, 0.1, 0.23031880061380022, 0.5984456096770112, 0.46736144519714146],
 [2, 6, 1, 0.1896563500151452, 1.7759595897480263, 0.6468559743630204],
 [2, 7, 0.01, 0.2123652964918345, 0.6038485084991138, 0.4574741699192032],
 [2, 7, 0.1, 0.32117937757852066, 0.6092038137473307, 0.4805311004753936],
 [2, 7, 1, 0.2985518675016884, 1.450751036117699, 1.020862878552881],
 [2, 8, 0.01, 0.24463498447623047, 0.583542125364408, 0.45071946874321717],
 [2, 8, 0.1, 0.20947016386261783, 0.597666804384333, 0.4533318882338473],
 [2, 8, 1, 0.22172486143105735, 2.302962134548871, 0.6051391867685642],
 [2, 9, 0.01, 0.2985317664631695, 0.654157557676305, 0.48761382745742937],
 [2, 9, 0.1, 0.25935941502661414, 0.7423550007659369, 0.5016872058054231],
 [2, 9, 1, 0.22408133786481793, 1.5153583716179728, 2.504665422418227],
 [2, 10, 0.01, 0.15349548134026642, 0.6484395138239828, 0.47538208673749016],
 [2, 10, 0.1, 0.21336517005801955, 0.5751720698367397, 0.43624974200293787],
 [2, 10, 1, 0.28789596049597554, 3.6525270257216294, 2.1035218123522896],
 [2, 11, 0.01, 0.19388556328896228, 0.6889790949693173, 0.5317575300235835],
 [2, 11, 0.1, 0.29105810960444484, 0.6736672631108487, 0.49816781910905744],
 [2, 11, 1, 0.23388477129555896, 1.6730686396937304, 2.5915207776478417],
 [2, 12, 0.01, 0.24403670172371994, 0.5940029857498803, 0.4725248228702597],
 [2, 12, 0.1, 0.2014322691571624, 0.7068387990136349, 0.5088550054759418],
 [2, 12, 1, 0.34525583669464294, 1.924013264160121, 2.560652170552729],
 [2, 13, 0.01, 0.2622922708627748, 0.5948361859865113, 0.4867609509531994],
 [2, 13, 0.1, 0.23430986864838355, 0.6181493253651418, 0.49966175025511655],
 [2, 13, 1, 0.2447082280083243, 1.8140476053511883, 0.542368424336903],
 [2, 14, 0.01, 0.27051049264944077, 0.5979156901818641, 0.48825150926145455],
 [2, 14, 0.1, 0.20452639354743257, 0.6099886217580001, 0.5032792119433478],
 [2, 14, 1, 0.16573322303553775, 1.203831979904888, 1.5110475704927777],
 [2, 15, 0.01, 0.2608656075606512, 0.6349297708323078, 0.4580969804651252],
 [2, 15, 0.1, 0.2048779209934557, 0.6339221540656722, 0.505183001801705],
 [2, 15, 1, 0.3167127419674255, 4.028617504601998, 1.8007664560936627],
 [2, 16, 0.01, 0.2920503988127977, 0.6118165401061494, 0.4631648826672015],
 [2, 16, 0.1, 0.13767580768775184, 0.6951043180238854, 0.48418836207160587],
 [2, 16, 1, 0.3214265636957464, 2.3329466582290355, 0.5873947699756655],
 [2, 17, 0.01, 0.10792318399191655, 0.5920219836918202, 0.420573461599677],
 [2, 17, 0.1, 0.25839992072819595, 0.6530037852047085, 0.470136507556148],
 [2, 17, 1, 0.31130484161627897, 2.3824979901008385, 2.5591468128845736],
 [2, 18, 0.01, 0.19741417006887926, 0.519030334878917, 0.44760487112663455],
 [2, 18, 0.1, 0.17845220164341877, 0.636904553547821, 0.48420031555230797],
 [2, 18, 1, 0.19954142378268092, 1.934351159551412, 0.8860324503927379],
 [2, 19, 0.01, 0.1903192184648364, 0.6484501143030372, 0.46379178808224764],
 [2, 19, 0.1, 0.1665165999854523, 0.6361376563003303, 0.44394298538110266],
 [2, 19, 1, 0.21082116162852277, 2.049466712294427, 2.4434994403093806],
 [2, 20, 0.01, 0.21608912723782767, 0.7036794385114008, 0.48739387576651877],
 [2, 20, 0.1, 0.2145070856353374, 0.5742706507649249, 0.4616744514609111],
 [2, 20, 1, 0.25331165841794423, 1.429217264822419, 0.47766021904837047],
 [5, 1, 0.01, 0.40830282794568795, 0.5786363078944078, 0.5019497140379595],
 [5, 1, 0.1, 0.45933015738608285, 0.6054644145914223, 0.5031881373620619],
 [5, 1, 1, 0.558593225940663, 2.5848791304421597, 2.186546634656219],
 [5, 2, 0.01, 0.41351163052357054, 0.5573911850872264, 0.501541804479286],
 [5, 2, 0.1, 0.4602952525353709, 0.5991980556985899, 0.5328236481572094],
 [5, 2, 1, 0.4626867541323434, 1.7335505645114933, 0.5120682759013793],
 [5, 3, 0.01, 0.33270583576047696, 0.5765476154114364, 0.4838515794508818],
 [5, 3, 0.1, 0.40071760458082784, 0.6200636581493288, 0.5190677434473934],
 [5, 3, 1, 0.4822294557864694, 1.616851584419662, 0.6321065284004334],
 [5, 4, 0.01, 0.38781898287858796, 0.567855730483844, 0.4982117114549313],
 [5, 4, 0.1, 0.375736548079128, 0.5358720268752167, 0.4799856198795985],
 [5, 4, 1, 0.3821868740129865, 1.815435297664698, 0.7498690780907343],
 [5, 5, 0.01, 0.4294083651562478, 0.5533386522357954, 0.46489600362696515],
 [5, 5, 0.1, 0.32481164397272855, 0.552451555426705, 0.5092066111195177],
 [5, 5, 1, 0.5350575469261787, 2.9423553265066493, 0.6030387656661123],
 [5, 6, 0.01, 0.30021052745474586, 0.542458228180449, 0.45066849277868076],
 [5, 6, 0.1, 0.3574239498628219, 0.5608276963478427, 0.49547491083783324],
 [5, 6, 1, 0.4532607872782187, 2.239623496367563, 0.7516863094429157],
 [5, 7, 0.01, 0.3195215093121627, 0.5332102177015594, 0.4627523488435999],
 [5, 7, 0.1, 0.3783501902916771, 0.5157591028522709, 0.44187415764711996],
 [5, 7, 1, 0.4861701741696898, 3.1703805590663867, 0.7079932659888537],
 [5, 8, 0.01, 0.3442825317251823, 0.49576326413494176, 0.43505470830553994],
 [5, 8, 0.1, 0.34015297519209053, 0.5351287471575122, 0.44574093903333345],
 [5, 8, 1, 0.4253042766473626, 1.659862430776761, 0.9847976104947104],
 [5, 9, 0.01, 0.32001170375851273, 0.5574309444023983, 0.4453621237552948],
 [5, 9, 0.1, 0.29824203760231044, 0.6447444360095985, 0.6098271599136682],
 [5, 9, 1, 0.36027103997751053, 1.9177670772842474, 0.48045605073838077],
 [5, 10, 0.01, 0.3076879848512383, 0.5728636148305484, 0.4327946369899684],
 [5, 10, 0.1, 0.327191371461076, 0.5396240725680392, 0.4688770392219815],
 [5, 10, 1, 0.4861968480076128, 2.6710206673293215, 0.7839931466513416],
 [5, 11, 0.01, 0.3466628954894037, 0.5188174241803166, 0.44800320538929594],
 [5, 11, 0.1, 0.3693280929575175, 0.5973348306010137, 0.45165298045567415],
 [5, 11, 1, 0.38671738087859675, 1.8344305537195003, 0.7396989641570844],
 [5, 12, 0.01, 0.35740701724974444, 0.5190250313550234, 0.4326088830450709],
 [5, 12, 0.1, 0.3675212086463017, 0.5297380322798061, 0.4537964066274417],
 [5, 12, 1, 0.4394546067112614, 2.5029315366252547, 0.4729903933609514],
 [5, 13, 0.01, 0.28502878013657623, 0.5066048994272483, 0.4325500559091131],
 [5, 13, 0.1, 0.32868728410106846, 0.5572589821989445, 0.45072886413082663],
 [5, 13, 1, 0.39757699877699015, 2.3749654757338066, 0.6773914845793556],
 [5, 14, 0.01, 0.28163806389331103, 0.5226679469867223, 0.45280938166878565],
 [5, 14, 0.1, 0.3002597082840036, 0.5054130858603374, 0.45005773016890477],
 [5, 14, 1, 0.5094299012745853, 4.248627110997736, 0.6606651346405259],
 [5, 15, 0.01, 0.3154995639162788, 0.48042680665128057, 0.41804899450145505],
 [5, 15, 0.1, 0.287625402560272, 0.5551688251300476, 0.455753048904945],
 [5, 15, 1, 0.3141287882409244, 2.8181423455571797, 3.081279781705398],
 [5, 16, 0.01, 0.30612843282164653, 0.496513132022676, 0.4351903198703832],
 [5, 16, 0.1, 0.2948950274904395, 0.5874044057797898, 0.4495792286691804],
 [5, 16, 1, 0.45015043683585365, 2.6793399615245574, 0.5116983402552601],
 [5, 17, 0.01, 0.3419915506120451, 0.5351609950960583, 0.46417310951569246],
 [5, 17, 0.1, 0.36105922947962926, 0.49693572403109376, 0.4264745961250747],
 [5, 17, 1, 0.38877204918646646, 1.2407446433290419, 0.49496485905889276],
 [5, 18, 0.01, 0.3840619326765283, 0.4475222685526978, 0.41366424447925215],
 [5, 18, 0.1, 0.3032086439859, 0.4990400810420801, 0.42386661569617656],
 [5, 18, 1, 0.39882404653952425, 2.0904637507392563, 0.6072278754470024],
 [5, 19, 0.01, 0.36519909463237765, 0.47919420384901124, 0.4544672131829031],
 [5, 19, 0.1, 0.3224148512355814, 0.5223068085759918, 0.45413348556644906],
 [5, 19, 1, 0.43362764518623387, 1.7294666737397015, 1.0736771756506878],
 [5, 20, 0.01, 0.2748340020095713, 0.5236961684741271, 0.42855192127522757],
 [5, 20, 0.1, 0.35099472730854, 0.5010575991899716, 0.412461267262538],
 [5, 20, 1, 0.45399198308445543, 2.98437233293414, 1.5807077866032808],
 [10, 1, 0.01, 0.47620312877381715, 0.558652050652086, 0.48184587990104527],
 [10, 1, 0.1, 0.5240261996886088, 0.6182244500505499, 0.5186877453728457],
 [10, 1, 1, 0.6163055734281272, 3.410045806567917, 1.1987505320932783],
 [10, 2, 0.01, 0.47508450041738015, 0.5418629300344924, 0.5127129176910153],
 [10, 2, 0.1, 0.4933934904872652, 0.5458806172126105, 0.47964589322761414],
 [10, 2, 1, 0.6174078553454565, 1.8909463552831778, 3.411917867678763],
 [10, 3, 0.01, 0.4827729823845022, 0.5509259690235543, 0.48779733437211503],
 [10, 3, 0.1, 0.423831719916225, 0.5782393351127599, 0.5043021299100906],
 [10, 3, 1, 0.5602447946415563, 1.6585160640332575, 2.6428508016017456],
 [10, 4, 0.01, 0.43575664655651514, 0.526643635583275, 0.48160687013246667],
 [10, 4, 0.1, 0.43464143853011467, 0.5349545745638812, 0.48967308522093694],
 [10, 4, 1, 0.47709414477435735, 1.805496825244169, 1.044937023755421],
 [10, 5, 0.01, 0.40265476643746173, 0.5103261510724855, 0.47400240310692],
 [10, 5, 0.1, 0.43489995738402437, 0.5315850826682927, 0.47178955618606566],
 [10, 5, 1, 0.4679616943608008, 1.973111593984484, 0.5816419447230262],
 [10, 6, 0.01, 0.3921456949172555, 0.48476550169999405, 0.42568702723763274],
 [10, 6, 0.1, 0.44918312721992903, 0.5662920925915724, 0.4806339428085921],
 [10, 6, 1, 0.46143491196126735, 1.52701853681739, 1.0289809899521078],
 [10, 7, 0.01, 0.39479456492551507, 0.4855064522403979, 0.4393822323894632],
 [10, 7, 0.1, 0.41383739807249154, 0.4711752767664771, 0.5248829612301531],
 [10, 7, 1, 0.47742972297472797, 1.8296620714362846, 0.6132007259706249],
 [10, 8, 0.01, 0.4148531170076848, 0.4986118944426295, 0.4673511521994563],
 [10, 8, 0.1, 0.3740207314054232, 0.5058137108735181, 0.4451895264017515],
 [10, 8, 1, 0.5471066343696988, 2.881949796339401, 0.7634841412859976],
 [10, 9, 0.01, 0.38525401875030185, 0.49783953247287444, 0.4423046745284136],
 [10, 9, 0.1, 0.4008370797444121, 0.507002857120556, 0.45528545964260325],
 [10, 9, 1, 0.5419936006237389, 1.8263439014699236, 1.1989431313714265],
 [10, 10, 0.01, 0.37664012879078934, 0.5249999581630711, 0.46205983100981995],
 [10, 10, 0.1, 0.41684869912526884, 0.5276083996810482, 0.44771553010361326],
 [10, 10, 1, 0.45187728186553766, 2.0408739756312437, 1.2684856664554685],
 [10, 11, 0.01, 0.3489684615239936, 0.4756727061171011, 0.4477043134719153],
 [10, 11, 0.1, 0.3964442703884962, 0.46795179256388175, 0.4681650013504162],
 [10, 11, 1, 0.5018797860699188, 1.6922493795806595, 0.4602466504166708],
 [10, 12, 0.01, 0.40804188549465054, 0.4615442081718914, 0.45127697633377317],
 [10, 12, 0.1, 0.38437130167797434, 0.4591223747781566, 0.4712584464715265],
 [10, 12, 1, 0.471397028225052, 1.022743541591418, 2.085210383732695],
 [10, 13, 0.01, 0.3978478355984254, 0.4904995021291139, 0.4517920283989551],
 [10, 13, 0.1, 0.37016202356201205, 0.5031970746651683, 0.43600962649727093],
 [10, 13, 1, 0.3678861626098133, 2.5714755420633333, 1.5998262392324454],
 [10, 14, 0.01, 0.37014646902371656, 0.4633990535500856, 0.42239381987827596],
 [10, 14, 0.1, 0.3638676193236496, 0.45975474846864417, 0.4418907594684223],
 [10, 14, 1, 0.49425749722234363, 2.349574189150977, 0.46429531792819007],
 [10, 15, 0.01, 0.42143316282852494, 0.44083997872313213, 0.4219712276161547],
 [10, 15, 0.1, 0.3755856010844703, 0.4807004449446529, 0.4290953431638966],
 [10, 15, 1, 0.5120188807194925, 1.5947205819295571, 1.1743166319462246],
 [10, 16, 0.01, 0.3583006967866213, 0.48966150512903434, 0.46046768513433545],
 [10, 16, 0.1, 0.3637609133718436, 0.4862243537929694, 0.426984568171181],
 [10, 16, 1, 0.49534912204989795, 2.0777728160121125, 3.6209095194628933],
 [10, 17, 0.01, 0.36133161420436555, 0.45247099903224114, 0.44640242871055175],
 [10, 17, 0.1, 0.379131646098393, 0.48511119714195666, 0.41702882845488193],
 [10, 17, 1, 0.5436965813102081, 2.044254018510648, 0.4411331209035146],
 [10, 18, 0.01, 0.35709846566853837, 0.4834653266047123, 0.4097063251952339],
 [10, 18, 0.1, 0.3876153705941074, 0.4961198746441662, 0.44361835046395737],
 [10, 18, 1, 0.47536259365353883, 1.7523857582526656, 0.6792639584986836],
 [10, 19, 0.01, 0.37386009315234936, 0.49688396127606776, 0.43815306823323796],
 [10, 19, 0.1, 0.36414767523445224, 0.5059150328174004, 0.4156024948324956],
 [10, 19, 1, 0.4654984103181481, 3.0134943573981063, 0.885842010074577],
 [10, 20, 0.01, 0.35629139264394827, 0.4593028289844773, 0.4142525443228128],
 [10, 20, 0.1, 0.3725430014898393, 0.5279157461857312, 0.45402229869118055],
 [10, 20, 1, 0.4767884626625153, 3.288467842368573, 0.6323924544495034],
 [20, 1, 0.01, 0.555068287226188, 0.5616752315541729, 0.506001622072972],
 [20, 1, 0.1, 0.5170676546033393, 0.5841101453044801, 0.5234970473915503],
 [20, 1, 1, 0.5072631884979103, 1.8014585278657378, 1.537030104512447],
 [20, 2, 0.01, 0.48824951381803555, 0.5523044852475913, 0.49894476193767856],
 [20, 2, 0.1, 0.5409165276559758, 0.5835779002160681, 0.5017673870533064],
 [20, 2, 1, 0.595857187309416, 2.8274659591622933, 7.557941862932408],
 [20, 3, 0.01, 0.4740481108546219, 0.5391521328030161, 0.4947942557852879],
 [20, 3, 0.1, 0.43852132216826545, 0.5564247025136628, 0.509897468795884],
 [20, 3, 1, 0.6167881060093482, 1.8424352064710756, 0.8924382299025718],
 [20, 4, 0.01, 0.45993345975938676, 0.5290977338670493, 0.503378734370622],
 [20, 4, 0.1, 0.4497512063849907, 0.5209942704372423, 0.4524508327459516],
 [20, 4, 1, 0.4814229845832069, 1.4337495759794792, 0.48064810358662813],
 [20, 5, 0.01, 0.3860552170985042, 0.4667212273885686, 0.440842014491335],
 [20, 5, 0.1, 0.47744938357622646, 0.5182736082836931, 0.48820945102531293],
 [20, 5, 1, 0.4974327730119265, 2.197273336221877, 0.6819168617198319],
 [20, 6, 0.01, 0.47052205771427136, 0.5111850626726719, 0.48335355056677903],
 [20, 6, 0.1, 0.430507492915739, 0.5450090414801845, 0.5041196033544734],
 [20, 6, 1, 0.5202615949125762, 1.583780766634969, 2.6167623526790167],
 [20, 7, 0.01, 0.42652967560416843, 0.45350442484150977, 0.4347570076601314],
 [20, 7, 0.1, 0.4243077801947243, 0.48265071257643644, 0.4369628533730141],
 [20, 7, 1, 0.47351478201401054, 2.4482866837892927, 2.3016616121386324],
 [20, 8, 0.01, 0.38342827129411844, 0.4740259911237719, 0.44910381607840205],
 [20, 8, 0.1, 0.44477744784200873, 0.48417428119070915, 0.43385176938898423],
 [20, 8, 1, 0.5126925972445641, 1.7608308846119285, 0.7173762495476645],
 [20, 9, 0.01, 0.43694612956123, 0.4806257321605819, 0.45067007766781814],
 [20, 9, 0.1, 0.4215159300297685, 0.48197574234555846, 0.44550561293455204],
 [20, 9, 1, 0.5454912913692664, 1.7411625095984185, 0.4985403846187948],
 [20, 10, 0.01, 0.3888249071245857, 0.4568008448865271, 0.4283365835313948],
 [20, 10, 0.1, 0.3870740322067308, 0.4662850103960913, 0.45782582867818133],
 [20, 10, 1, 0.5508196528302265, 1.6437246482308137, 1.0289751503155122],
 [20, 11, 0.01, 0.39652178224605444, 0.500813916344814, 0.4434242832310209],
 [20, 11, 0.1, 0.44675526383448994, 0.47701407961797065, 0.45914566395838513],
 [20, 11, 1, 0.5121928411347817, 1.9042000006623627, 0.9337621628463211],
 [20, 12, 0.01, 0.4032582951217559, 0.45886899614126986, 0.41869535236717137],
 [20, 12, 0.1, 0.41615217995563814, 0.4615079469241318, 0.41109802097076636],
 [20, 12, 1, 0.515625410082871, 2.6009099419352593, 0.4392380250953325],
 [20, 13, 0.01, 0.38658993518561624, 0.48083897694546407, 0.44024580795646195],
 [20, 13, 0.1, 0.41559648553203205, 0.48325909894779506, 0.4687717340994542],
 [20, 13, 1, 0.5424267907053955, 2.7154239049105495, 3.3390818726827103],
 [20, 14, 0.01, 0.3985422441575494, 0.4508571612056853, 0.4334596755061527],
 [20, 14, 0.1, 0.4009066864485583, 0.47057616198119445, 0.45005250688437776],
 [20, 14, 1, 0.4540639461838504, 1.4673357322702625, 1.3457304853785605],
 [20, 15, 0.01, 0.4074070011689351, 0.4324139006087016, 0.4083821369171965],
 [20, 15, 0.1, 0.38863707925679236, 0.45709666438921037, 0.43141357659562335],
 [20, 15, 1, 0.5562803991672977, 2.683613885167984, 0.5691648770466341],
 [20, 16, 0.01, 0.3930653667063284, 0.44540537259074436, 0.4309212935521693],
 [20, 16, 0.1, 0.42943604227920373, 0.4810734554164669, 0.49113282549215115],
 [20, 16, 1, 0.4281321398105867, 2.6858777823716737, 1.510793381539566],
 [20, 17, 0.01, 0.4173045803750187, 0.4428953799158954, 0.4336638450432348],
 [20, 17, 0.1, 0.40166235212987733, 0.46432524926147456, 0.462159174012136],
 [20, 17, 1, 0.484398423956179, 1.776840232493606, 2.3955036658479836],
 [20, 18, 0.01, 0.3923231231403068, 0.44569710658835876, 0.41331071931307745],
 [20, 18, 0.1, 0.4097904879824624, 0.4738469370192916, 0.4138255452346042],
 [20, 18, 1, 0.5370621378372962, 2.4776681355839, 2.102882713317955],
 [20, 19, 0.01, 0.42604259354981694, 0.4540311358844648, 0.4301461155504505],
 [20, 19, 0.1, 0.38322355938987757, 0.4475499892768696, 0.4140556913620727],
 [20, 19, 1, 0.43215522480906926, 1.5502564934153198, 0.7939611450459864],
 [20, 20, 0.01, 0.42605673613937256, 0.44024061469370845, 0.41515530013135793],
 [20, 20, 0.1, 0.4269795059935751, 0.4532535217611927, 0.4304509732762645],
 [20, 20, 1, 0.48598999653680836, 1.7648639093993677, 0.523286034922258],
 [50, 1, 0.01, 0.554198995039573, 0.5451665797213051, 0.49325298078207974],
 [50, 1, 0.1, 0.5277251458024116, 0.5646667777659541, 0.5192271048224719],
 [50, 1, 1, 0.6230525932071769, 1.6861399426332238, 0.5480769869914599],
 [50, 2, 0.01, 0.5144929736239752, 0.5540389643030164, 0.49962142429398365],
 [50, 2, 0.1, 0.521586306369552, 0.5224134055576111, 0.5831794644563469],
 [50, 2, 1, 0.5965578974265708, 2.2264027023062534, 1.3007892747819796],
 [50, 3, 0.01, 0.5135589739655586, 0.5416391260215524, 0.49510743880763564],
 [50, 3, 0.1, 0.48627830830057467, 0.537729409492415, 0.5215421404900613],
 [50, 3, 1, 0.5703696656529629, 1.2322651673021743, 0.7513987725752255],
 [50, 4, 0.01, 0.4693410806200095, 0.49164417936958926, 0.4626049661978236],
 [50, 4, 0.1, 0.49311730222304345, 0.5393796872863742, 0.48488270208378087],
 [50, 4, 1, 0.5661157601139657, 1.6346915008701113, 1.1398067213021008],
 [50, 5, 0.01, 0.43864716943828175, 0.46948503204299935, 0.43997412108619155],
 [50, 5, 0.1, 0.4843200552461496, 0.5258575549278618, 0.5058255348234306],
 [50, 5, 1, 0.5767537713295938, 1.6725167293523868, 0.499192406312715],
 [50, 6, 0.01, 0.45561456836899444, 0.45839115107255146, 0.44805099626935907],
 [50, 6, 0.1, 0.44791022319445106, 0.4676145393421269, 0.4390222342971836],
 [50, 6, 1, 0.5189303891236711, 1.5363680710162164, 0.6492929779585546],
 [50, 7, 0.01, 0.45475296159213074, 0.4630928119855534, 0.4571692958164006],
 [50, 7, 0.1, 0.43066335277385226, 0.4826571417013016, 0.46566883831278955],
 [50, 7, 1, 0.5973588221089621, 1.5900702728301492, 0.8709997460720464],
 [50, 8, 0.01, 0.4407687480972074, 0.468118793974566, 0.4272314246522467],
 [50, 8, 0.1, 0.42644816932943874, 0.49140553428617373, 0.5113034139410871],
 [50, 8, 1, 0.499091158044509, 1.7661796566706052, 1.130318634650191],
 [50, 9, 0.01, 0.4404370273891637, 0.46305740920173183, 0.4535799739599646],
 [50, 9, 0.1, 0.4209681477577406, 0.4599161126050494, 0.45022527261745704],
 [50, 9, 1, 0.5346624625642545, 2.0135138778202752, 2.046575280198872],
 [50, 10, 0.01, 0.4297003180200437, 0.45086606821548403, 0.4345688783995751],
 [50, 10, 0.1, 0.42138380898805217, 0.44878135746799874, 0.4467132892602087],
 [50, 10, 1, 0.48802760784827803, 2.2515862144141146, 1.4067487014694668],
 [50, 11, 0.01, 0.4271519900853389, 0.4434001306358556, 0.424950139036353],
 [50, 11, 0.1, 0.4057218852955173, 0.4346321852038647, 0.4018498937880305],
 [50, 11, 1, 0.540319810249461, 1.8097032255286485, 1.2493437437278698],
 [50, 12, 0.01, 0.4261075639861788, 0.4462121932851716, 0.43128043802149735],
 [50, 12, 0.1, 0.41671161829871073, 0.48237061773115714, 0.47644397185675535],
 [50, 12, 1, 0.5475969947933502, 1.8465326569180895, 0.5625637361577179],
 [50, 13, 0.01, 0.42710643723022185, 0.45506171386090133, 0.442409110624207],
 [50, 13, 0.1, 0.43108074024420107, 0.4609206828692611, 0.4204010491786235],
 [50, 13, 1, 0.5472324258764437, 2.216397518586479, 0.7468771632665057],
 [50, 14, 0.01, 0.40867720292433046, 0.4239561086096641, 0.42235407048538237],
 [50, 14, 0.1, 0.41854857145074115, 0.42880198120585816, 0.44447325991726655],
 [50, 14, 1, 0.523766394338043, 2.4104607542366354, 0.40085675817294236],
 [50, 15, 0.01, 0.40904926910712824, 0.4578445551108655, 0.43193251327116117],
 [50, 15, 0.1, 0.42110581350429266, 0.4488537739435701, 0.4347195850143519],
 [50, 15, 1, 0.486105001381988, 1.870353207267862, 1.4748957762315047],
 [50, 16, 0.01, 0.42620119620991864, 0.4497052460603495, 0.44081908050651847],
 [50, 16, 0.1, 0.4040380141616879, 0.45757081395232413, 0.40463404526025787],
 [50, 16, 1, 0.492837466370324, 2.8782762562221755, 2.344238266006123],
 [50, 17, 0.01, 0.4261787602331501, 0.43129915363848115, 0.41819486380365106],
 [50, 17, 0.1, 0.41923322081954806, 0.4553508444790547, 0.41298257676849454],
 [50, 17, 1, 0.45738788293622373, 2.014027655410985, 0.4287715284417489],
 [50, 18, 0.01, 0.42129041415477764, 0.43542714394737186, 0.42968935747666653],
 [50, 18, 0.1, 0.4140154982935247, 0.43095805341578436, 0.47892561616246965],
 [50, 18, 1, 0.5077142186387261, 1.263251490017051, 0.4284453540297392],
 [50, 19, 0.01, 0.4230879708807696, 0.42602657347333645, 0.4133329864405715],
 [50, 19, 0.1, 0.42164242817770103, 0.44226219317778065, 0.4603033097958003],
 [50, 19, 1, 0.45846903116944404, 2.4998733266658535, 1.1878028757920431],
 [50, 20, 0.01, 0.38783412964445557, 0.42242288722028765, 0.39542973063359127],
 [50, 20, 0.1, 0.4073093997785514, 0.43824110584140874, 0.4378496966580728],
 [50, 20, 1, 0.5079050827018801, 1.1367257030965061, 0.416385271794846],
 [100, 1, 0.01, 0.5423966889021872, 0.5454025097848769, 0.5021526000376737],
 [100, 1, 0.1, 0.5485923154312516, 0.5812280916962919, 0.49817929538028644],
 [100, 1, 1, 0.6991559574351197, 1.9963722070752277, 0.5579733298374479],
 [100, 2, 0.01, 0.4958814567164394, 0.5175989200163748, 0.5044236016856398],
 [100, 2, 0.1, 0.5203182256821259, 0.5673973251445494, 0.6074357748734237],
 [100, 2, 1, 0.5395020409813989, 2.336064008289917, 0.6415406978090594],
 [100, 3, 0.01, 0.498833903180922, 0.5094208818848731, 0.48110869566128345],
 [100, 3, 0.1, 0.5134223417853152, 0.544971909086351, 0.49111307761492456],
 [100, 3, 1, 0.5686938158575191, 1.7153329011316258, 3.0008890552246106],
 [100, 4, 0.01, 0.4762960098561132, 0.4980160809334981, 0.4800931014542379],
 [100, 4, 0.1, 0.5013418953166083, 0.5182855688054717, 0.5226976841025016],
 [100, 4, 1, 0.619555306841163, 1.9325600376747638, 0.5775727960205186],
 [100, 5, 0.01, 0.4733952531224159, 0.48195212802017984, 0.4675895766077024],
 [100, 5, 0.1, 0.4861822880192572, 0.5176341396104843, 0.490601719674379],
 [100, 5, 1, 0.5378709898912792, 1.7568278632255658, 0.6071110444624099],
 [100, 6, 0.01, 0.4687458035849995, 0.48306248278782843, 0.47053447513216246],
 [100, 6, 0.1, 0.47179012999470926, 0.4834560662128424, 0.46614537747993984],
 [100, 6, 1, 0.6460838644085997, 2.9384217801807133, 0.9928075318927854],
 [100, 7, 0.01, 0.45855917965313653, 0.46706770975023265, 0.43828508722662335],
 [100, 7, 0.1, 0.4462110322923906, 0.5033146587869548, 0.4710316335715569],
 [100, 7, 1, 0.5907115275776558, 2.1070942653305496, 0.6210288504015369],
 [100, 8, 0.01, 0.4552968807536731, 0.46416216229350127, 0.4553952447959033],
 [100, 8, 0.1, 0.44594047943193954, 0.47665204489399987, 0.44875836842542244],
 [100, 8, 1, 0.518111354407177, 1.570961237710538, 0.6439135847793596],
 [100, 9, 0.01, 0.42769804851772475, 0.4387815620651371, 0.40953683497257287],
 [100, 9, 0.1, 0.4431932966973936, 0.4807554043475622, 0.4430762111181559],
 [100, 9, 1, 0.49539391716121717, 1.5537298728957833, 2.2696363602446503],
 [100, 10, 0.01, 0.45063270192836125, 0.45200337259453355, 0.43581509819158915],
 [100, 10, 0.1, 0.43376673845643526, 0.4626518619440018, 0.4611165045460275],
 [100, 10, 1, 0.6044671287022044, 3.077376355926144, 0.4733600827451169],
 [100, 11, 0.01, 0.44386069002089384, 0.4483504839650562, 0.45453991286100254],
 [100, 11, 0.1, 0.44634188351287324, 0.4604467243155339, 0.4520067628157462],
 [100, 11, 1, 0.53469376908452, 1.7235483846363633, 0.5945428280431682],
 [100, 12, 0.01, 0.43621365305888676, 0.4333047334715213, 0.4077537897524644],
 [100, 12, 0.1, 0.4222987215400461, 0.4459848210467836, 0.41521654948325226],
 [100, 12, 1, 0.5179738498307872, 2.1972863049153317, 1.1146245830418688],
 [100, 13, 0.01, 0.4161647707205146, 0.4308096854383402, 0.41942152868221155],
 [100, 13, 0.1, 0.4271092837262219, 0.44302367728241066, 0.45244503053936175],
 [100, 13, 1, 0.5312276690307302, 1.6025020529594354, 0.6917912136279104],
 [100, 14, 0.01, 0.43578942879463495, 0.44156073108506355, 0.43035333084266325],
 [100, 14, 0.1, 0.4207830722726172, 0.4477027283162626, 0.41601125901174485],
 [100, 14, 1, 0.4600726741208344, 1.773451616951204, 0.43255111015436953],
 [100, 15, 0.01, 0.41950893678491125, 0.43301679185442055, 0.40981695440660515],
 [100, 15, 0.1, 0.43078102223975234, 0.447626149525821, 0.4187464739043552],
 [100, 15, 1, 0.49211038350488556, 2.205797241925681, 0.4104898557577029],
 [100, 16, 0.01, 0.4170843002033705, 0.4297059635628126, 0.42195587170660315],
 [100, 16, 0.1, 0.42316039536432976, 0.44348186905404063, 0.43384365369374367],
 [100, 16, 1, 0.5056548744366316, 1.5339974470613673, 1.1393027310552206],
 [100, 17, 0.01, 0.4031338817301152, 0.41336520379974095, 0.3976864113985269],
 [100, 17, 0.1, 0.4133593383082778, 0.4292399356171863, 0.4376325129990212],
 [100, 17, 1, 0.4584439631751584, 1.11266516013555, 0.43588069497026566],
 [100, 18, 0.01, 0.4123425877719905, 0.4181557265561858, 0.4066667898023374],
 [100, 18, 0.1, 0.4053407281321979, 0.4396611738077417, 0.4304516466226927],
 [100, 18, 1, 0.5297362849260305, 2.0391078047510174, 2.2197235577693615],
 [100, 19, 0.01, 0.41536579138183305, 0.4145070449693747, 0.4102590826367229],
 [100, 19, 0.1, 0.41448624200855305, 0.4300798657904618, 0.40537193988080733],
 [100, 19, 1, 0.5425236296031598, 1.9232271807014047, 1.382778980247049],
 [100, 20, 0.01, 0.42464109976732656, 0.4176442914142083, 0.4293188057034655],
 [100, 20, 0.1, 0.4076702640349688, 0.4420013903469296, 0.43028358692904783],
 [100, 20, 1, 0.5043153825811927, 2.5671182063793685, 0.4230633863754671],
 [200, 1, 0.01, 0.5504473266636365, 0.5548991910151162, 0.5018322574846059],
 [200, 1, 0.1, 0.5727101711281118, 0.5672813886157756, 0.5051811490565093],
 [200, 1, 1, 0.7033882771492264, 1.9848100975566023, 0.9756858691639421],
 [200, 2, 0.01, 0.5010385062986475, 0.513374623807332, 0.4810332574350808],
 [200, 2, 0.1, 0.5486842346221703, 0.5459206841190516, 0.5190496241674517],
 [200, 2, 1, 0.632531231869569, 2.416982534256698, 0.4893069877355441],
 [200, 3, 0.01, 0.5107466534249377, 0.5150952029271301, 0.5010424540356543],
 [200, 3, 0.1, 0.5076620199783376, 0.5139412967128493, 0.4836822017740948],
 [200, 3, 1, 0.5564959943565155, 2.563147794824885, 1.3158450494359855],
 [200, 4, 0.01, 0.4776690071278297, 0.4873677030747342, 0.4400954926150102],
 [200, 4, 0.1, 0.4973657874516963, 0.52863080519154, 0.5081390425027112],
 [200, 4, 1, 0.5856325940123266, 1.7935847089582766, 3.6480689058738833],
 [200, 5, 0.01, 0.4595702970886483, 0.47534708590846825, 0.4567730229043949],
 [200, 5, 0.1, 0.4687021440339313, 0.4862354575536461, 0.4555271553811113],
 [200, 5, 1, 0.555305905083623, 1.1583137145139006, 0.47551382582355267],
 [200, 6, 0.01, 0.4915429035550446, 0.49268752681783645, 0.471514642972074],
 [200, 6, 0.1, 0.47244154543422184, 0.4995663915405773, 0.4750646926079702],
 [200, 6, 1, 0.6298137825760042, 1.8154750131871413, 1.0252399652327795],
 [200, 7, 0.01, 0.44944912384845914, 0.4515058970676059, 0.4517103390105068],
 [200, 7, 0.1, 0.4627201812111167, 0.48159469781645525, 0.46574351025005856],
 [200, 7, 1, 0.5901072373121816, 1.504953070496496, 0.5564615561310939],
 [200, 8, 0.01, 0.44431365883000107, 0.4441582510748782, 0.43914868210371377],
 [200, 8, 0.1, 0.4525197953835557, 0.4705850926113991, 0.45914374445093975],
 [200, 8, 1, 0.5412950089904676, 1.6680128512176142, 0.6556469696290366],
 [200, 9, 0.01, 0.4337844106575662, 0.4453485727348642, 0.43646797941720555],
 [200, 9, 0.1, 0.4470163521388737, 0.4674705654701567, 0.4438668119968091],
 [200, 9, 1, 0.5075181255563719, 1.1904509726494188, 0.6875383066198189],
 [200, 10, 0.01, 0.4396311477343208, 0.44201687445836135, 0.4211001325796407],
 [200, 10, 0.1, 0.4298065607197641, 0.4489385793194516, 0.4409846548651658],
 [200, 10, 1, 0.5130269677552001, 1.2133717305778362, 0.937191841241546],
 [200, 11, 0.01, 0.4469542544912685, 0.45035538935323427, 0.4302454891925403],
 [200, 11, 0.1, 0.43089103529979517, 0.46049765045763974, 0.4341921860033796],
 [200, 11, 1, 0.4939031508660543, 2.712048068542229, 0.43218751783348575],
 [200, 12, 0.01, 0.41305507458731583, 0.4248134109278074, 0.41682469207291895],
 [200, 12, 0.1, 0.43470473641631974, 0.45138774095971473, 0.46791806368639044],
 [200, 12, 1, 0.4997429318853084, 2.5928067838042144, 0.4108575770039026],
 [200, 13, 0.01, 0.41204565658769815, 0.4232475044558036, 0.40990942494186766],
 [200, 13, 0.1, 0.4232035404906931, 0.4428989531587796, 0.4092537466035791],
 [200, 13, 1, 0.5108196086546692, 1.787578662875563, 0.8591373108560885],
 [200, 14, 0.01, 0.4235625786763264, 0.4333750930649848, 0.41561947579794667],
 [200, 14, 0.1, 0.43040968218962394, 0.45967140368463755, 0.4483871327379269],
 [200, 14, 1, 0.5430437588158857, 1.7886012442316535, 1.8651502805031586],
 [200, 15, 0.01, 0.41295968397632843, 0.42107304219272645, 0.4126687597443062],
 [200, 15, 0.1, 0.4226171753786513, 0.44095868926526044, 0.44219993148322845],
 [200, 15, 1, 0.5277008132145318, 1.5147765679658127, 1.1836946808446904],
 [200, 16, 0.01, 0.41972893626990987, 0.4176410036261012, 0.41715646398662726],
 [200, 16, 0.1, 0.42479712856446294, 0.4404092194209294, 0.422148369906536],
 [200, 16, 1, 0.46017614964834114, 2.0504311239286195, 1.7808707334330518],
 [200, 17, 0.01, 0.4339004656056408, 0.42563668191310755, 0.4192445256538507],
 [200, 17, 0.1, 0.4278978620836068, 0.45105514980845396, 0.4130370876236338],
 [200, 17, 1, 0.5247578203785308, 2.275866097451433, 1.1705795211607775],
 [200, 18, 0.01, 0.41380172266199733, 0.420187754266948, 0.4228374686762009],
 [200, 18, 0.1, 0.43364230741851617, 0.4526120340434015, 0.4461859726273324],
 [200, 18, 1, 0.5093486074418878, 2.04572949116816, 1.3527949607998317],
 [200, 19, 0.01, 0.435081183430999, 0.441905300955996, 0.4242569627511054],
 [200, 19, 0.1, 0.4127835314969235, 0.4343841670290637, 0.41642510096964847],
 [200, 19, 1, 0.5273153227240663, 3.040423632478759, 3.35213368449189],
 [200, 20, 0.01, 0.41004736523867, 0.40833288457014894, 0.40402815721457713],
 [200, 20, 0.1, 0.4296162478776897, 0.4441208276365791, 0.42372831373387393],
 [200, 20, 1, 0.4641003411419839, 2.1836357126826815, 0.39626595089324707]]
