[[10, 4, 0.01, 0.04574611841061395, 0.1358444239600138, 0.07566787015666426],
 [10, 4, 0.1, 0.041225926973992785, 0.11210937740372637, 0.08070830311864235],
 [10, 4, 1, 0.8035522580404608, 1.7851671861799379, 1.0941248975109021],
 [10, 20, 0.01, 0.02566087652911132, 0.5757653616539133, 0.15860012178503652],
 [10, 20, 0.1, 0.029529778437875864, 0.5560355209926963, 0.11705722997800455],
 [10, 20, 1, 0.6588307014018564, 1.8530896139434394, 1.0909758690544658],
 [100, 4, 0.01, 0.0646677340079028, 0.07015428910595856, 0.07076984083694843],
 [100, 4, 0.1, 0.07444194214432072, 0.08137070596860763, 0.07532845026803504],
 [100, 4, 1, 1.027242577528928, 1.0869413550729405, 1.0195319506272429],
 [100,
  20,
  0.01,
  0.03212576115635478,
  0.037339988325159834,
  0.03534107569075801],
 [100, 20, 0.1, 0.04353846665484965, 0.048871495739626465, 0.04564472601317313],
 [100, 20, 1, 0.9413153611485164, 1.0725919342674173, 1.0748915788097502],
 [10, 4, 0.01, 0.045559777209847045, 0.1697982601859645, 0.08588236890634211],
 [10, 4, 0.1, 0.047318522369304374, 0.13561246218465772, 0.10625662085351513],
 [10, 4, 1, 0.7461455617742109, 1.8218193240164893, 1.1036099502189827],
 [10, 20, 0.01, 0.029903797862874587, 0.5298902218558966, 0.18729866528731762],
 [10, 20, 0.1, 0.0319451573286519, 0.1722877371183768, 0.05696269979122587],
 [10, 20, 1, 0.7541741834566562, 1.9503549467686778, 1.0870986039554484],
 [100, 4, 0.01, 0.06825326209057538, 0.07721006493680505, 0.07597574473382553],
 [100, 4, 0.1, 0.07709036044202823, 0.08464036019118762, 0.08680750272807988],
 [100, 4, 1, 1.0045554465290718, 1.0968439724203354, 1.10791868526166],
 [100, 20, 0.01, 0.03334732530563476, 0.03882774910986457, 0.03590061632547985],
 [100, 20, 0.1, 0.04221893861697068, 0.051308921002114094, 0.0475037251239879],
 [100, 20, 1, 0.9962893728744581, 1.0869417317566057, 1.0185925069254889]]
