[[2, 0, 0.01, 0.0330161340735875, 0.880467041153566, 0.8877181627634712],
 [2, 0, 0.1, 9.694142266082789e-05, 0.5316578354936969, 0.6264767576801457],
 [2, 0, 1, 0.15492333850371612, 3.577413646268921, 4.092576963273229],
 [2, 1, 0.01, 0.017787319128661848, 1.3045956528036624, 2.5337118388142486],
 [2, 1, 0.1, 0.02783205195241662, 1.0314999882201608, 34.76307986088937],
 [2, 1, 1, 0.0015568382648475003, 3.0856952563392195, 77.29612168220339],
 [2, 2, 0.01, 0.000265447901369725, 2.22841001745148, 6.266515401794812],
 [2, 2, 0.1, 0.02110647655680452, 0.609908936056064, 0.6243739456029214],
 [2, 2, 1, 0.031070980660132853, 5.1368838960955525, 30.05398432451853],
 [2, 3, 0.01, 0.0057365127307078215, 0.9434616492076499, 0.9400694419455982],
 [2, 3, 0.1, 0.019700257683024917, 0.9262307617200896, 1.1127173700477173],
 [2, 3, 1, 0.00030865943656155045, 6.6764853302375, 34.60740574962666],
 [2, 4, 0.01, 1.6971238246745736e-20, 0.8973732882704698, 0.9859369308377781],
 [2, 4, 0.1, 0.00019866993791806055, 1.8475788634785337, 1.0807312949249785],
 [2, 4, 1, 4.667365414240345e-13, 1.5005981246355886, 17.049743619334745],
 [2, 5, 0.01, 1.0870113892306775e-05, 3.893587023542258, 2.776807683200143],
 [2, 5, 0.1, 2.465190328815662e-31, 0.41727941239378824, 0.41997203070080275],
 [2, 5, 1, 4.8317730444786973e-29, 6.102316849517758, 1.4142377507771973],
 [2, 6, 0.01, 1.3757105050459295e-17, 1.3916918490455654, 1.638459059818851],
 [2, 6, 0.1, 8.349944885364006e-15, 1.3435856991133661, 1.3086415344809008],
 [2, 6, 1, 2.0954117794933126e-30, 0.4644258128409861, 0.5242770479015529],
 [2, 7, 0.01, 5.158198761729919e-05, 1.1950419011684688, 1.1652786146536738],
 [2, 7, 0.1, 0.01907429125264025, 0.679623104832204, 0.7066551248017582],
 [2, 7, 1, 3.9859866556140815e-07, 0.8038416336909846, 4.797659031627845],
 [2, 8, 0.01, 6.427321262485969e-26, 0.8262189569108734, 0.7589760983983254],
 [2, 8, 0.1, 7.703719777548943e-31, 0.5567872513820097, 0.8623959249394819],
 [2, 8, 1, 5.97808654737798e-31, 0.717774627673195, 0.6176358438388704],
 [2, 9, 0.01, 6.162975822039155e-31, 1.3888060875442823, 1.4032158954333909],
 [2, 9, 0.1, 1.1648292574030388e-09, 0.6200597959580767, 0.8987914109772914],
 [2, 9, 1, 7.196010124338903e-11, 1.0734838511838165, 1.496267215378528],
 [2, 10, 0.01, 3.1481220468017457e-15, 0.6110735411967889, 0.540973361619634],
 [2, 10, 0.1, 7.724892185103325e-18, 1.0970601716074768, 1.1870871332930821],
 [2, 10, 1, 5.588966107445812e-10, 7.632371477878667, 4.162711472844921],
 [2, 11, 0.01, 3.6768865063302587e-19, 1.05734292244046, 1.0577886418632814],
 [2, 11, 0.1, 8.530791132866598e-29, 0.6599457973760662, 0.5439274864301513],
 [2, 11, 1, 0.04816898889995597, 4.925959682189233, 1.6304982101384924],
 [2, 12, 0.01, 6.324900523730609e-05, 1.5641280049013024, 1.5978763695585192],
 [2, 12, 0.1, 0.0002812931198254918, 6.8098896672456455, 5.253474497091565],
 [2, 12, 1, 0.008749637077187422, 1.4076607685076354, 1.8460088871791074],
 [2, 13, 0.01, 0.0002460470573053267, 6.323929852900602, 6.146552083783032],
 [2, 13, 0.1, 0.03923445822460511, 0.5962835590745649, 0.5788720161772051],
 [2, 13, 1, 4.2303734505473804e-10, 4.4768144729478925, 0.5539319552683629],
 [2, 14, 0.01, 0.0009480596249952998, 7.162676124901682, 6.752231421400767],
 [2, 14, 0.1, 2.152413685213225e-23, 0.8297425924116917, 0.8867132011489244],
 [2, 14, 1, 0.0008109587937351063, 0.45483516526505796, 11.711696739000734],
 [2, 15, 0.01, 0.0013413955601457412, 1.6345156489748804, 1.518857295825939],
 [2, 15, 0.1, 2.971984754124303e-14, 0.584742224107033, 0.6218597561467751],
 [2, 15, 1, 9.564938475804768e-30, 1.0018474934187445, 7.487261131226063],
 [2, 16, 0.01, 2.2186712959340957e-31, 0.5337863400744833, 0.5243025627084409],
 [2, 16, 0.1, 9.373886225321554e-30, 0.8590419260018607, 0.8672662731906127],
 [2, 16, 1, 0.00837276377346331, 8.82159070860209, 1.1206151905266528],
 [2, 17, 0.01, 0.042370888316604495, 0.5945345258705286, 0.6671367746242648],
 [2, 17, 0.1, 1.9545474829888925e-17, 1.2227587331006897, 1.3199264453956403],
 [2, 17, 1, 1.6023737137301802e-30, 0.5404594113095569, 16.946812341703065],
 [2, 18, 0.01, 1.2917202892541458e-24, 0.40111672489869554, 0.4211120918327088],
 [2, 18, 0.1, 0.00043164032108613436, 0.8545851140014019, 1.1043729731586378],
 [2, 18, 1, 0.000671549250550304, 0.9384120400126419, 8.358875716944539],
 [2, 19, 0.01, 0.02734683372022472, 0.8724381546609081, 0.9072837979560324],
 [2, 19, 0.1, 6.35990701329841e-15, 0.44999268748223253, 0.4677660216393119],
 [2, 19, 1, 0.0012025987637513315, 1.526553803762149, 2.4176672054364614],
 [2, 20, 0.01, 0.00036897491265760975, 9.070956142482457, 8.476216022810378],
 [2, 20, 0.1, 0.00013058208701197105, 1.6749216170950167, 1.8359779865602117],
 [2, 20, 1, 4.005934284325451e-31, 3.158590200569282, 0.35533432202282483],
 [5, 0, 0.01, 0.38445182940437395, 0.6439375930811349, 0.5857188738506289],
 [5, 0, 0.1, 0.15786594210584767, 0.6532660343668034, 0.5044703058405093],
 [5, 0, 1, 0.34173267705381616, 3.4362621039367705, 0.49896717160468546],
 [5, 1, 0.01, 0.3442869042842122, 0.6016413505503497, 1.593076607395548],
 [5, 1, 0.1, 0.010967028970923613, 1.170262008683682, 2.1544642312643782],
 [5, 1, 1, 0.019514532495471047, 2.0180298862704955, 294.63499535677624],
 [5, 2, 0.01, 0.16619576960385635, 0.5129426694466922, 0.5463263344818075],
 [5, 2, 0.1, 0.1597818229854726, 0.4512397013050577, 0.4797917155316881],
 [5, 2, 1, 0.19122994313420338, 0.8475329791646936, 1.9672368243374077],
 [5, 3, 0.01, 0.14692710343350698, 0.22768997869175098, 0.26364984651891227],
 [5, 3, 0.1, 0.08180450854938918, 0.6380578423739738, 0.6464415053525008],
 [5, 3, 1, 0.11979541207676644, 9.303653397618136, 12.555183361267348],
 [5, 4, 0.01, 0.0998113059798478, 0.46663882961205705, 0.42580241434651217],
 [5, 4, 0.1, 0.014085615363099912, 0.20060732594356792, 0.27930485336945476],
 [5, 4, 1, 0.06850986614106727, 0.3526117944682287, 0.35132160135845014],
 [5, 5, 0.01, 0.027312559390197777, 2.7282213857757474, 2.2029154616180504],
 [5, 5, 0.1, 0.032337614651124384, 7.815549390526831, 5.070651587056028],
 [5, 5, 1, 0.10816769983156371, 0.9616663092330763, 1.5361024152771936],
 [5, 6, 0.01, 0.03715718866181023, 0.24062681329352253, 0.21398239377294268],
 [5, 6, 0.1, 0.028041844079194987, 0.3663565189286668, 0.44743568337335626],
 [5, 6, 1, 0.07864202301722939, 0.14230796822519512, 1.338097640323349],
 [5, 7, 0.01, 0.11826351850306102, 0.3861044433691183, 0.37767722844049756],
 [5, 7, 0.1, 0.03463658234824098, 0.29437086011360136, 0.2605312104483457],
 [5, 7, 1, 0.049284244324805826, 0.6527853085817765, 0.9536361230886418],
 [5, 8, 0.01, 0.0472500574445501, 0.4040995435844147, 0.4209868212045285],
 [5, 8, 0.1, 0.036088425799656265, 0.7214304613527375, 0.5156717730245745],
 [5, 8, 1, 0.0074483128037453146, 0.8225986446591926, 6.371376841723811],
 [5, 9, 0.01, 0.07939760234770649, 0.5667557589329523, 0.5731937411552491],
 [5, 9, 0.1, 0.047316341909568745, 0.4238969360331914, 0.4385977082212455],
 [5, 9, 1, 0.023617433199356656, 4.757990107649893, 0.7461549072345912],
 [5, 10, 0.01, 0.006260653732799687, 0.8604247097005915, 0.8621041969396498],
 [5, 10, 0.1, 0.08278292768742831, 0.502464475236481, 0.5895858492448487],
 [5, 10, 1, 0.1143219163480242, 0.29806542037585565, 1.3733802954776506],
 [5, 11, 0.01, 0.0987629726283746, 0.2039828680683372, 0.20110344170614186],
 [5, 11, 0.1, 0.04763487587069854, 1.0340288597665102, 0.9332439236837373],
 [5, 11, 1, 0.09395459640690897, 3.4141805774743728, 0.7229644240523685],
 [5, 12, 0.01, 0.059943952887164434, 0.3662439752846286, 0.34634563071837116],
 [5, 12, 0.1, 0.04417446833357859, 0.4668985212747191, 0.3706572426196628],
 [5, 12, 1, 0.02506680058908763, 0.7268568944785042, 0.7361206113101197],
 [5, 13, 0.01, 0.011125832352353066, 0.6274110048617704, 0.5992912065101872],
 [5, 13, 0.1, 0.07762743748412382, 0.6100489486177277, 0.7833358960109411],
 [5, 13, 1, 0.08951461418775872, 0.8984801943571801, 2.6022825600513975],
 [5, 14, 0.01, 0.12026832870673146, 0.2421636969360863, 0.24445974149567987],
 [5, 14, 0.1, 0.12564876883510423, 0.12558026998166216, 0.13181768020151818],
 [5, 14, 1, 0.012179578216669337, 6.210725694810244, 14.620528857108244],
 [5, 15, 0.01, 0.08153899904848302, 0.2672160602477849, 0.2517476301261494],
 [5, 15, 0.1, 0.09021472153923919, 0.8278679345488621, 0.6021039236677415],
 [5, 15, 1, 0.0013963711102143966, 3.681583881960062, 1.9808575614908055],
 [5, 16, 0.01, 0.07560209539758936, 0.6744070816214158, 0.5791130543417435],
 [5, 16, 0.1, 0.008323217886668961, 1.1015529758953981, 0.901646926946269],
 [5, 16, 1, 0.003419042408527547, 4.143908111320198, 4.107125695357732],
 [5, 17, 0.01, 0.019838773004462528, 0.810190194768096, 0.8201718407086265],
 [5, 17, 0.1, 0.00301709810982071, 1.4261615446120521, 1.7408170586979712],
 [5, 17, 1, 0.07638589203588779, 2.8633242377187687, 0.568075778916578],
 [5, 18, 0.01, 0.08021387423542611, 0.16643964088612118, 0.1752205814650275],
 [5, 18, 0.1, 0.08588717778062933, 0.3481201662790919, 0.37960928718396447],
 [5, 18, 1, 0.10616499752508365, 2.003088894875772, 13.154412039696169],
 [5, 19, 0.01, 0.0794222162324448, 1.506878747044273, 1.363468269655482],
 [5, 19, 0.1, 0.09019087814946952, 0.3307494106669395, 0.3350066615084052],
 [5, 19, 1, 0.08318341379502611, 6.529189414431183, 6.817249614953101],
 [5, 20, 0.01, 0.018337347413372222, 1.1619773127757382, 1.1063006086382234],
 [5, 20, 0.1, 0.044512352130365036, 0.7950407663564485, 0.4440509835490799],
 [5, 20, 1, 0.004730972713860353, 3.07632717514816, 7.163046627230904],
 [10, 0, 0.01, 0.5379568641334246, 0.5099273484619968, 0.49595952580544644],
 [10, 0, 0.1, 0.48083923226536845, 0.5576239044952358, 0.600050788192211],
 [10, 0, 1, 0.6649722706298122, 0.5445387136832595, 0.5267848612353279],
 [10, 1, 0.01, 0.5288665549301423, 0.5154206414411814, 0.4964495406804478],
 [10, 1, 0.1, 0.6638635786510444, 0.524872400260203, 0.5063120733860547],
 [10, 1, 1, 0.5473156060818545, 1.6918401164240706, 1.9062230742471813],
 [10, 2, 0.01, 0.19416821039514603, 0.7574362611653574, 0.7437575630645863],
 [10, 2, 0.1, 0.14296955798658584, 0.5220906684368859, 0.5093927707817625],
 [10, 2, 1, 0.07193825787815561, 1.582686741077402, 2.421950504424655],
 [10, 3, 0.01, 0.11196414473874612, 0.1947915696112512, 0.19967576543391247],
 [10, 3, 0.1, 0.1446634567942261, 0.24420906107836665, 0.3681020398337605],
 [10, 3, 1, 0.12494566984998719, 1.0361999209513413, 5.4970912044129285],
 [10, 4, 0.01, 0.08496925698066024, 0.17693595638457818, 0.17922274483248643],
 [10, 4, 0.1, 0.08190833431274883, 0.10472671769585301, 0.09123990152102383],
 [10, 4, 1, 0.09030031928683876, 0.18420269908863007, 1.4158006369029352],
 [10, 5, 0.01, 0.11276648128421007, 0.2199501294190277, 0.2058055490867871],
 [10, 5, 0.1, 0.08103988202661676, 0.40255570998268836, 0.213741179644855],
 [10, 5, 1, 0.07771341301882496, 6.537209699928891, 3.1975922399542105],
 [10, 6, 0.01, 0.14058170578482518, 0.17069187166352418, 0.1625678502645244],
 [10, 6, 0.1, 0.1004662585997729, 0.1397387612941778, 0.13295428652686228],
 [10, 6, 1, 0.10221431340221576, 7.12123481597489, 7.087084138630197],
 [10, 7, 0.01, 0.049644251613327015, 0.9668948691859729, 0.8088093844072964],
 [10, 7, 0.1, 0.09374680333910528, 0.432720672139549, 0.3923368817916056],
 [10, 7, 1, 0.10600156259883091, 5.844660677087733, 3.531754208505664],
 [10, 8, 0.01, 0.09317897500350034, 0.17570195692488175, 0.1735618609622987],
 [10, 8, 0.1, 0.0635982410082867, 0.19464515015766318, 0.18705396026422555],
 [10, 8, 1, 0.06168691610286394, 3.35785589697102, 0.18996612777959396],
 [10, 9, 0.01, 0.11767417183542754, 0.13467501691564587, 0.13290553295204507],
 [10, 9, 0.1, 0.13017637997021297, 0.17044624033716255, 0.18275882247840997],
 [10, 9, 1, 0.15525041774063442, 0.47920843869385177, 0.25018159219721264],
 [10, 10, 0.01, 0.11751398423233705, 0.17780425900578706, 0.16436327527909356],
 [10, 10, 0.1, 0.09962297843190174, 0.17988090816469696, 0.1683963731675333],
 [10, 10, 1, 0.12560068715697148, 1.1391741944690656, 0.28112992831148403],
 [10, 11, 0.01, 0.057107443652109645, 0.5787441654429328, 0.5482270508106318],
 [10, 11, 0.1, 0.07735639907000327, 0.4208873327355117, 0.5882725984865831],
 [10, 11, 1, 0.14146548502293407, 11.911307756124527, 7.456141548804351],
 [10, 12, 0.01, 0.06592905762422314, 0.9048049268245638, 1.0350067929240099],
 [10, 12, 0.1, 0.07613293332759276, 0.3015597164546722, 0.37049271871977313],
 [10, 12, 1, 0.0574899829341103, 2.141133347115072, 1.1320752930432476],
 [10, 13, 0.01, 0.1036042491413578, 0.3409226068845767, 0.30629324271767777],
 [10, 13, 0.1, 0.06551767612256619, 0.8915252872629903, 0.9891267714939097],
 [10, 13, 1, 0.13952444444943105, 0.340282907689665, 2.076512374780771],
 [10, 14, 0.01, 0.08543940929034391, 0.17488355143119788, 0.186730238757942],
 [10, 14, 0.1, 0.09597273738464802, 0.4947234570923323, 0.38301060934836934],
 [10, 14, 1, 0.10535419690199059, 4.627919869581975, 0.12245514938511472],
 [10, 15, 0.01, 0.1296166972708111, 0.20709075577534225, 0.20529506936512665],
 [10, 15, 0.1, 0.0900459132130132, 0.3740663908724324, 0.3199465578263296],
 [10, 15, 1, 0.06994870477902873, 7.366081629446033, 1.0927762199379387],
 [10, 16, 0.01, 0.07435215160026723, 0.6422317780123309, 0.6095392776179074],
 [10, 16, 0.1, 0.0800672368327432, 0.4300196298726907, 0.48568494385390587],
 [10, 16, 1, 0.08437537525533371, 1.3139927420540085, 0.3566511035701709],
 [10, 17, 0.01, 0.0897006391057719, 0.31502070946057864, 0.3394335769973002],
 [10, 17, 0.1, 0.07332259547867695, 0.7259846323722953, 0.8221898906485118],
 [10, 17, 1, 0.10280086023148023, 7.839845753783225, 10.721205237573338],
 [10, 18, 0.01, 0.04306793512980175, 0.2212888295042654, 0.2293777986952599],
 [10, 18, 0.1, 0.04691016537762076, 0.9696778581726896, 1.132634304069642],
 [10, 18, 1, 0.04713999007327509, 0.26015340641214, 4.133528263223044],
 [10, 19, 0.01, 0.060405370441486514, 0.4319967626028513, 0.4522321706689027],
 [10, 19, 0.1, 0.08534458433755837, 0.5071758174230909, 0.32825629206032086],
 [10, 19, 1, 0.07421767834780357, 2.3315968673175025, 0.10426895185915797],
 [10, 20, 0.01, 0.09174856537516726, 0.37187550394050284, 0.40856431736636134],
 [10, 20, 0.1, 0.06496574877166547, 0.7837130839679015, 0.863737540850113],
 [10, 20, 1, 0.10536639836279041, 0.3067834143590697, 1.3568450304364066],
 [20, 0, 0.01, 0.41840329668615384, 0.5123239700319597, 0.5103601384579741],
 [20, 0, 0.1, 0.4491426029767009, 0.5107029990627618, 0.5130765203060383],
 [20, 0, 1, 0.546637853563684, 0.5218831677274042, 0.5938276478124928],
 [20, 1, 0.01, 0.4221306585003123, 0.6872401949115147, 2.5547307017632757],
 [20, 1, 0.1, 0.5535536919349692, 0.512460919384157, 0.6519671340393786],
 [20, 1, 1, 0.5175158806077226, 1.6196670728966003, 2.029564999683954],
 [20, 2, 0.01, 0.26971919340367684, 0.3320866695989238, 0.33850422965388033],
 [20, 2, 0.1, 0.23330412266609538, 0.9011317428001452, 0.7762097990572187],
 [20, 2, 1, 0.256970178130961, 1.1787316679544262, 2.682649348592486],
 [20, 3, 0.01, 0.16963574644857504, 0.3230227264389121, 0.29065838262810884],
 [20, 3, 0.1, 0.16374020130890282, 0.16008134300952892, 0.13863320232338455],
 [20, 3, 1, 0.20494305123263543, 1.6035089658840906, 0.1926127795974653],
 [20, 4, 0.01, 0.14047473060659837, 0.5180883446706954, 0.4755132901294574],
 [20, 4, 0.1, 0.12683644447519832, 0.14813149098745815, 0.14226543658730875],
 [20, 4, 1, 0.07937846064530787, 0.7529866258471344, 0.5573481795834129],
 [20, 5, 0.01, 0.11795859683377852, 0.13391361954161177, 0.1311592063348874],
 [20, 5, 0.1, 0.09203618598573443, 0.12279415055262538, 0.11970562637726206],
 [20, 5, 1, 0.09210120083712478, 0.11524502797721105, 2.318252721838783],
 [20, 6, 0.01, 0.1150025279565308, 0.15266229622425695, 0.15401382415026274],
 [20, 6, 0.1, 0.12980167807757997, 0.16688604538568821, 0.15640794811944964],
 [20, 6, 1, 0.15294220227120822, 0.7048592857587962, 1.565542085405172],
 [20, 7, 0.01, 0.08988542892418518, 0.19057109300342154, 0.18990039643144763],
 [20, 7, 0.1, 0.09162598681035047, 0.19199732503226258, 0.20454741319144656],
 [20, 7, 1, 0.09401754083129303, 0.7228527724600706, 0.9393683182350652],
 [20, 8, 0.01, 0.12501050258133456, 0.1528475705025455, 0.14449503737437314],
 [20, 8, 0.1, 0.14630345282388305, 0.18014916111162302, 0.17822322889160533],
 [20, 8, 1, 0.10682831863189021, 1.0321117926639356, 0.21659375418237298],
 [20, 9, 0.01, 0.1173561698457202, 0.19549483822862546, 0.19546951327698994],
 [20, 9, 0.1, 0.12476315159089708, 0.14727003764103858, 0.16047043032275385],
 [20, 9, 1, 0.0914634289312766, 0.6339837263415934, 0.32654086232705326],
 [20, 10, 0.01, 0.12461137073220567, 0.1483279085134414, 0.14377726787868872],
 [20, 10, 0.1, 0.07412037982128633, 0.42908572642715664, 0.43059132862809013],
 [20, 10, 1, 0.12179898791652558, 1.833880607347711, 0.5410946120047396],
 [20, 11, 0.01, 0.11474654323904314, 0.19887261566775316, 0.18317471972339797],
 [20, 11, 0.1, 0.10232291730278845, 0.12986922922251584, 0.1608669256501388],
 [20, 11, 1, 0.13574973617313058, 2.040770296962979, 0.7699943648239087],
 [20, 12, 0.01, 0.12349538399575175, 0.23488150182716183, 0.22165074810805283],
 [20, 12, 0.1, 0.11491823726998045, 0.1524073004959101, 0.17518302223153226],
 [20, 12, 1, 0.11018493511925247, 2.3277989046509058, 0.23262114885165058],
 [20, 13, 0.01, 0.1309583129486867, 0.18404056457013326, 0.17586759144876804],
 [20, 13, 0.1, 0.1276420719492832, 0.20838818462044797, 0.1671734436898656],
 [20, 13, 1, 0.07017133667511961, 4.9246955142558315, 1.2912339391546352],
 [20, 14, 0.01, 0.11517486791035791, 0.16239169152119753, 0.15648845189046642],
 [20, 14, 0.1, 0.13049694423169939, 0.2835583637798451, 0.22003830283162834],
 [20, 14, 1, 0.11208533382197763, 8.112925095645364, 0.14511262134008096],
 [20, 15, 0.01, 0.11054289294942529, 0.17230017661244515, 0.17004377929620615],
 [20, 15, 0.1, 0.12023003577673048, 0.1659357488105242, 0.13018364914544042],
 [20, 15, 1, 0.10111825624960169, 0.24963901247157433, 1.922928254958267],
 [20, 16, 0.01, 0.11273960621222234, 0.14115221404427897, 0.1424020016799222],
 [20, 16, 0.1, 0.12040044808378766, 0.13507354415438674, 0.14836874479171347],
 [20, 16, 1, 0.0844761686313938, 0.4352034150908166, 1.3055108480009172],
 [20, 17, 0.01, 0.0996236598388191, 0.20687164790671306, 0.2042534455489736],
 [20, 17, 0.1, 0.10137760990139796, 0.20097032565423403, 0.20887310649426377],
 [20, 17, 1, 0.08265208138193589, 0.15943444627605394, 4.992006024199562],
 [20, 18, 0.01, 0.08024713278946331, 0.12036824198612768, 0.13222205229975637],
 [20, 18, 0.1, 0.08447911155677337, 0.6986685938055414, 0.7304984303696941],
 [20, 18, 1, 0.07985108802867848, 1.7049998058593343, 2.7006468923877724],
 [20, 19, 0.01, 0.13184576586764066, 0.14143066227793924, 0.13175718762366895],
 [20, 19, 0.1, 0.0799157648428142, 0.3066409824030946, 0.3050641612530903],
 [20, 19, 1, 0.07127669197679072, 1.7530005814594662, 0.14544952795796515],
 [20, 20, 0.01, 0.08394653188391392, 0.10042068220291502, 0.10102241614996507],
 [20, 20, 0.1, 0.09787360023495653, 0.14579346265145848, 0.15482191760522815],
 [20, 20, 1, 0.08785801314407993, 0.1653381179632164, 0.10438560218406316],
 [50, 0, 0.01, 0.47715324722972424, 0.5148185730798803, 0.4958405691819109],
 [50, 0, 0.1, 0.5046813043272813, 0.5116426277765924, 0.48792166821946215],
 [50, 0, 1, 0.40437045238605174, 1.389236595043969, 2.1845987349526315],
 [50, 1, 0.01, 0.5012751069326622, 0.529419880293464, 0.49452975620818224],
 [50, 1, 0.1, 0.5135560176562712, 0.4921197074395884, 0.5287300454918457],
 [50, 1, 1, 0.5660657073069929, 0.7349806561164491, 3.880705414817427],
 [50, 2, 0.01, 0.29320529893778613, 0.41354570232911, 0.3776223583867927],
 [50, 2, 0.1, 0.2932498288983039, 0.30651308325403315, 0.283558028881548],
 [50, 2, 1, 0.2955609059119352, 1.0876056745369171, 3.068121304342982],
 [50, 3, 0.01, 0.16419078346576577, 0.15982708587792172, 0.16199254773008323],
 [50, 3, 0.1, 0.17338920535457195, 0.3502250336798631, 0.20949843722832068],
 [50, 3, 1, 0.15615690344678138, 5.278377704307919, 0.6472504408164248],
 [50, 4, 0.01, 0.10514847244831081, 0.13579265881862781, 0.14339314266504952],
 [50, 4, 0.1, 0.09763591154408231, 0.11186297734013885, 0.12631704288642406],
 [50, 4, 1, 0.08121193240116106, 5.233217320715708, 3.1902050724659885],
 [50, 5, 0.01, 0.10516620037158136, 0.1198608632665649, 0.12735835307792726],
 [50, 5, 0.1, 0.09033266389161827, 0.17571624078703113, 0.14080692117869892],
 [50, 5, 1, 0.11248071688119912, 4.7373758940823585, 8.244586856247626],
 [50, 6, 0.01, 0.1227489458946585, 0.13189602741471285, 0.13029912618868497],
 [50, 6, 0.1, 0.12723796038182886, 0.28464041049780386, 0.16483480687749602],
 [50, 6, 1, 0.12964362126075554, 1.2994037388147843, 6.279068255491106],
 [50, 7, 0.01, 0.14119502191360195, 0.1476376195566272, 0.140006222231131],
 [50, 7, 0.1, 0.10330905246533739, 0.12162820647478155, 0.13774260102359492],
 [50, 7, 1, 0.1484739218278457, 0.2914689423277155, 0.19523726242411285],
 [50, 8, 0.01, 0.11624955392250168, 0.15667644957723184, 0.21742042855086108],
 [50, 8, 0.1, 0.12654095711929214, 0.15078476290898288, 0.2022775115041603],
 [50, 8, 1, 0.12980791594384747, 0.7085741789956317, 1.8044589813755036],
 [50, 9, 0.01, 0.11806991419229879, 0.19032715052891572, 0.20048232749557926],
 [50, 9, 0.1, 0.1236835342327795, 0.17641229835429398, 0.14085079565722672],
 [50, 9, 1, 0.14268609258062634, 5.111509524029685, 8.865083980369599],
 [50, 10, 0.01, 0.14106453107050337, 0.1347855466939959, 0.1308969061083472],
 [50, 10, 0.1, 0.14483040393185076, 0.15565073112856903, 0.14648633788015128],
 [50, 10, 1, 0.14989938571402292, 0.34551318415808857, 1.2155367141429425],
 [50, 11, 0.01, 0.12179092513354853, 0.13414528747230114, 0.1312065238031378],
 [50, 11, 0.1, 0.12285368041477346, 0.16219923879920795, 0.19583441379417044],
 [50, 11, 1, 0.11622745425956169, 0.46758619304781446, 2.296327450083047],
 [50, 12, 0.01, 0.12182557283841598, 0.12859372747263528, 0.12675452631476547],
 [50, 12, 0.1, 0.12495535753234015, 0.16256694675053207, 0.18452294496578353],
 [50, 12, 1, 0.11675416969338841, 0.1277866194441002, 0.1999630952322615],
 [50, 13, 0.01, 0.11768999186517355, 0.1404202756951954, 0.14438200700393714],
 [50, 13, 0.1, 0.11920634174575635, 0.1371781737703368, 0.1388638291727219],
 [50, 13, 1, 0.11449204375755288, 0.18397645707169796, 0.2408189129277232],
 [50, 14, 0.01, 0.1130429392903345, 0.10904247453154128, 0.10623199440803081],
 [50, 14, 0.1, 0.1123068494378015, 0.14305850429447742, 0.17962903901150848],
 [50, 14, 1, 0.10582810638830642, 0.14607288156183068, 3.1112303372986165],
 [50, 15, 0.01, 0.10454239177166759, 0.12146809114104266, 0.11849735530270959],
 [50, 15, 0.1, 0.1135836669016989, 0.16709501696602694, 0.11860249386324957],
 [50, 15, 1, 0.1164798135895261, 0.20316395021858624, 1.1574393890568537],
 [50, 16, 0.01, 0.12055335482756023, 0.12752289808768255, 0.13327279263849168],
 [50, 16, 0.1, 0.11057507179323184, 0.12098410307538171, 0.12609415612370087],
 [50, 16, 1, 0.09423165667517708, 0.11010578886397045, 0.786190277872201],
 [50, 17, 0.01, 0.09561672803663052, 0.13047283953263047, 0.12480277147280533],
 [50, 17, 0.1, 0.10037167911660463, 0.09823250107785661, 0.09419861134537978],
 [50, 17, 1, 0.10754111112418599, 1.7403028168469281, 0.30734953270144244],
 [50, 18, 0.01, 0.08919718369293245, 0.09673224585276925, 0.09644012722469364],
 [50, 18, 0.1, 0.08574966238564873, 0.13871446534903914, 0.1474208825871045],
 [50, 18, 1, 0.10129098533998217, 0.8673937996581162, 0.5511787504259466],
 [50, 19, 0.01, 0.09379247148229433, 0.6779341522215625, 0.616062351720226],
 [50, 19, 0.1, 0.09836636700148907, 0.11298210924245469, 0.14979511002202647],
 [50, 19, 1, 0.08557673962050581, 6.330659859498216, 0.1362732470905037],
 [50, 20, 0.01, 0.10164654505283936, 0.18505022871592217, 0.16883968911262712],
 [50, 20, 0.1, 0.10294332013917531, 0.27764355901453414, 0.3482627783013314],
 [50, 20, 1, 0.09485168718777175, 0.9732297343154924, 1.4717883170008954],
 [100, 0, 0.01, 0.5023295709101473, 0.4847771165759113, 0.4894603446674751],
 [100, 0, 0.1, 0.5062601509669065, 0.5761797965817312, 0.6771376920136531],
 [100, 0, 1, 0.5621307382985762, 4.337327820308307, 7.273890800851543],
 [100, 1, 0.01, 0.5125448341927076, 0.48336233839661785, 0.47948214080134777],
 [100, 1, 0.1, 0.48915065987879425, 0.5175514461256372, 0.5001366666278293],
 [100, 1, 1, 0.4860575487566126, 0.48569679969541124, 4.127683341465864],
 [100, 2, 0.01, 0.3013848067766828, 0.3927420924899869, 0.3797129917141004],
 [100, 2, 0.1, 0.30979993561210534, 0.3460091431407221, 0.33240182455369993],
 [100, 2, 1, 0.3007265147590448, 2.159408463813585, 3.0340685914891092],
 [100, 3, 0.01, 0.1477965465065774, 0.13900625906520747, 0.15319545791389094],
 [100, 3, 0.1, 0.14780646570666156, 0.17849309252950823, 0.16590151149472357],
 [100, 3, 1, 0.1738318390193292, 0.35868779253114924, 0.7262928833868757],
 [100, 4, 0.01, 0.11118632684928842, 0.12023452514708033, 0.118970676064108],
 [100, 4, 0.1, 0.11870609552008499, 0.10156657664704752, 0.09600480755654338],
 [100, 4, 1, 0.11220813535631287, 0.12455012970406057, 0.7194892154540242],
 [100, 5, 0.01, 0.10348136690327854, 0.11132340764543282, 0.10863864812898005],
 [100, 5, 0.1, 0.10219136625482665, 0.1569490356227325, 0.14310258817588337],
 [100, 5, 1, 0.11608416255906834, 2.1616228031366016, 9.238915837503795],
 [100, 6, 0.01, 0.12764257169583298, 0.13076531365315333, 0.12563118469382165],
 [100, 6, 0.1, 0.11138079096981247, 0.1442581228071606, 0.1589345839293519],
 [100, 6, 1, 0.1218990179485935, 0.18531761177031217, 3.871377361363345],
 [100, 7, 0.01, 0.13478795334648336, 0.14651126922116736, 0.14291941366179908],
 [100, 7, 0.1, 0.11809397886059589, 0.22798899391868319, 0.19900622179192629],
 [100, 7, 1, 0.12473034780548913, 5.505256850567672, 2.7920618216759796],
 [100, 8, 0.01, 0.14849393756917242, 0.125760649680602, 0.14367412737218443],
 [100, 8, 0.1, 0.1294581563469041, 0.14613106000827536, 0.14674884218251094],
 [100, 8, 1, 0.14172011581841215, 0.1348916314513856, 5.26144470726099],
 [100, 9, 0.01, 0.13422067050190833, 0.13562928821754372, 0.1411930913624363],
 [100, 9, 0.1, 0.14793765252005708, 0.1770274425252338, 0.15778352726872316],
 [100, 9, 1, 0.14031962675688392, 2.1379773502235437, 1.5601370783782138],
 [100, 10, 0.01, 0.13136911360151973, 0.13001338532500256, 0.13511215343999394],
 [100, 10, 0.1, 0.1381365054721011, 0.16929335346282046, 0.14574010347795613],
 [100, 10, 1, 0.14413889391451182, 4.210032546033535, 0.6953801931147057],
 [100, 11, 0.01, 0.1275230380625556, 0.1511302967097487, 0.1520300229446323],
 [100, 11, 0.1, 0.13207458948880993, 0.13736360022328598, 0.14152575450312554],
 [100, 11, 1, 0.11714847528477294, 1.5097928256340882, 1.7589563642786332],
 [100, 12, 0.01, 0.12235858439487161, 0.14361917151759548, 0.13716434484261514],
 [100, 12, 0.1, 0.1267873016446594, 0.13774865570087433, 0.129844924346308],
 [100, 12, 1, 0.12446266943698538, 0.496137892419394, 0.6898987627638754],
 [100, 13, 0.01, 0.11539341748599412, 0.1085496638582515, 0.11158439371051648],
 [100, 13, 0.1, 0.10861593066181556, 0.1494309244227841, 0.15504201196448897],
 [100, 13, 1, 0.12726663580132785, 7.183185094781063, 1.3601414404605507],
 [100, 14, 0.01, 0.11802677366107255, 0.11567724898017619, 0.11599237844945094],
 [100, 14, 0.1, 0.10235841546433379, 0.09977603917112365, 0.11606709954697458],
 [100, 14, 1, 0.11564523283036926, 0.8008693734343475, 0.1582172831990175],
 [100, 15, 0.01, 0.11473021869615446, 0.128813592516513, 0.13281713471567516],
 [100, 15, 0.1, 0.10969228353621333, 0.11466766968719601, 0.12061142942453436],
 [100, 15, 1, 0.1107231683475472, 0.187913733431644, 0.1327126472443625],
 [100, 16, 0.01, 0.10838752421593567, 0.152782303662708, 0.16048394873758334],
 [100, 16, 0.1, 0.11185426447483955, 0.11958692075733879, 0.13286369282482785],
 [100, 16, 1, 0.10278541426099412, 0.6595231524296306, 2.2026728984994346],
 [100, 17, 0.01, 0.10081155891025796, 0.10691183972329478, 0.10268155308100092],
 [100, 17, 0.1, 0.10491655904777736, 0.13033878518847924, 0.11501242246315822],
 [100, 17, 1, 0.10953036261805543, 0.3005297095773596, 0.21779837607878055],
 [100, 18, 0.01, 0.10169398066496843, 0.09669897356522722, 0.09479010589359656],
 [100, 18, 0.1, 0.09240441062884149, 0.10267444157885841, 0.10763843900523656],
 [100, 18, 1, 0.09448084641146055, 0.9155839865458966, 8.75002938956204],
 [100, 19, 0.01, 0.08727432031164571, 0.10035202674976618, 0.10526182008864175],
 [100, 19, 0.1, 0.10075047410827956, 0.25170947326696785, 0.10557731466826899],
 [100, 19, 1, 0.08952465645996373, 0.9774552000452525, 1.1414945125422102],
 [100, 20, 0.01, 0.09529200432656651, 0.09277504934238297, 0.09278952690572523],
 [100, 20, 0.1, 0.10409282411723658, 0.12563732782782844, 0.1069451497533165],
 [100, 20, 1, 0.09570529739949718, 0.19203079035574264, 12.123699017531758],
 [200, 0, 0.01, 0.4820623571396838, 0.5070685552211993, 0.5185271062376116],
 [200, 0, 0.1, 0.5038277307152395, 0.49879637288369777, 0.5095885082732731],
 [200, 0, 1, 0.4797551951143735, 0.583239735984883, 1.6835729359289555],
 [200, 1, 0.01, 0.533529991595813, 0.5173251207772628, 0.49834995297618334],
 [200, 1, 0.1, 0.5036427523254333, 0.5016788519684297, 0.4857067792180766],
 [200, 1, 1, 0.49196180393161704, 2.22423540554307, 0.5576308570786919],
 [200, 2, 0.01, 0.2972681876277856, 0.3047591777669117, 0.29598587971254237],
 [200, 2, 0.1, 0.2964913066079654, 0.31586009235832946, 0.3621080998558108],
 [200, 2, 1, 0.27542722496012195, 0.2821445615417081, 1.6107978606332318],
 [200, 3, 0.01, 0.14608610039335995, 0.1404979430309222, 0.14935496406831283],
 [200, 3, 0.1, 0.16331220208279387, 0.2177313503698973, 0.24735136373978112],
 [200, 3, 1, 0.1447701776838994, 5.926986271893589, 0.25772402883638523],
 [200, 4, 0.01, 0.11946919852242667, 0.12079912237827707, 0.1179399349753171],
 [200, 4, 0.1, 0.10710252772793931, 0.29100970425290695, 0.12977043605456617],
 [200, 4, 1, 0.11221442643013813, 1.5167139421186129, 2.5811155807630257],
 [200, 5, 0.01, 0.11560285019193563, 0.11294422452351276, 0.11555415604458202],
 [200, 5, 0.1, 0.1091377184512848, 0.16765375809066557, 0.1194555313177167],
 [200, 5, 1, 0.10354742174547785, 0.1186239088887386, 1.1589104717597123],
 [200, 6, 0.01, 0.12861887728147614, 0.1316233581374826, 0.13280554408328224],
 [200, 6, 0.1, 0.12699517642076713, 0.1325602383841469, 0.1321398623179701],
 [200, 6, 1, 0.1026023755164003, 4.645946326503056, 0.1261428489349161],
 [200, 7, 0.01, 0.1408757190386214, 0.13761196952577756, 0.1337491184786048],
 [200, 7, 0.1, 0.13295171217188004, 0.16960557305993185, 0.15403418319753187],
 [200, 7, 1, 0.12553809507975291, 4.463450770260213, 3.2773106881680136],
 [200, 8, 0.01, 0.12760897636571944, 0.13757320985150562, 0.13476779228062263],
 [200, 8, 0.1, 0.13771631054911887, 0.15135144833150957, 0.15079246491259218],
 [200, 8, 1, 0.1383810908753086, 0.31579360815464363, 5.454574859003778],
 [200, 9, 0.01, 0.1484024836868604, 0.1521500406404727, 0.15103807027130448],
 [200, 9, 0.1, 0.14725903562514409, 0.15840245561989122, 0.16080263551734822],
 [200, 9, 1, 0.13878990067079003, 0.14120315172579168, 1.1917180465956196],
 [200, 10, 0.01, 0.1420456678812326, 0.1574384666632639, 0.1647129360312279],
 [200, 10, 0.1, 0.14481941637532464, 0.1591205874661654, 0.15344285356126103],
 [200, 10, 1, 0.13402559217383966, 4.689025622004578, 8.256034953180913],
 [200, 11, 0.01, 0.12374276222228942, 0.1310084458893653, 0.1276740952634742],
 [200, 11, 0.1, 0.12263528071444066, 0.12053090326916796, 0.12250694835590008],
 [200, 11, 1, 0.12682580205290014, 0.49524228175018237, 2.1672221173764004],
 [200, 12, 0.01, 0.12968586130028986, 0.14386701781021272, 0.14375312905176618],
 [200, 12, 0.1, 0.12463186719424868, 0.290131185949737, 0.14714142273489525],
 [200, 12, 1, 0.13284732344533784, 0.4604683248250488, 5.6121833640216625],
 [200, 13, 0.01, 0.12385150679103725, 0.12190732384935293, 0.12156166233059222],
 [200, 13, 0.1, 0.12413597058431318, 0.1260179346262016, 0.14271470385883533],
 [200, 13, 1, 0.12905507149657414, 0.2675365152411915, 3.321279033470219],
 [200, 14, 0.01, 0.11352119597666965, 0.12047872132975146, 0.12194540743151436],
 [200, 14, 0.1, 0.11592823971555609, 0.12512312072308449, 0.13711309161974244],
 [200, 14, 1, 0.10757953027375812, 0.814897211729092, 4.237509321448384],
 [200, 15, 0.01, 0.1089071876109575, 0.10801595936162525, 0.10794961296517652],
 [200, 15, 0.1, 0.10445470259131298, 0.17285015860257943, 0.1419178768937874],
 [200, 15, 1, 0.10966949542857732, 0.1522463132358489, 0.10945026168146602],
 [200, 16, 0.01, 0.10745816409077918, 0.10075463293662776, 0.0991023529234455],
 [200, 16, 0.1, 0.10606589951660825, 0.27372470310199787, 0.15639833608288126],
 [200, 16, 1, 0.10287648877921086, 1.0258326863719762, 0.15364496286900303],
 [200, 17, 0.01, 0.10204522526000227, 0.10353171545306818, 0.09928005206121292],
 [200, 17, 0.1, 0.10577927546422322, 0.14306747546183074, 0.11616036310286892],
 [200, 17, 1, 0.10153856055780527, 0.1505135043904463, 2.007768290996522],
 [200, 18, 0.01, 0.0999611485274954, 0.09791948509322888, 0.09719362675980685],
 [200, 18, 0.1, 0.10078465995622944, 0.11015211078894312, 0.1704287392875882],
 [200, 18, 1, 0.09182830444100379, 0.0962341471210323, 9.65638508251569],
 [200, 19, 0.01, 0.10187532395445492, 0.10103957364745332, 0.09920704398856366],
 [200, 19, 0.1, 0.09679947901056486, 0.09649999278190358, 0.0913783131932954],
 [200, 19, 1, 0.11017953472601308, 0.9190856426597438, 0.2525204099837967],
 [200, 20, 0.01, 0.09154405239174399, 0.09215376719154994, 0.09414722554395809],
 [200, 20, 0.1, 0.08914858910625717, 0.0992412513569162, 0.10404988305439275],
 [200, 20, 1, 0.10050862712151601, 10.742356528594058, 11.64204938322696]]
