[[2, 0, 0.01, 0.26050911185307307, 0.7158422529848115, 0.5047401972076886],
 [2, 0, 0.1, 0.2518644155618045, 0.7920324351197227, 0.5377299025839285],
 [2, 0, 1, 0.2176256596468471, 4.421556122423223, 1.660558468542184],
 [2, 1, 0.01, 0.01126237104345615, 1.1520437721000245, 0.6147905564860031],
 [2, 1, 0.1, 0.016534116793155515, 1.2257343421269504, 0.7070335735659232],
 [2, 1, 1, 0.012851772656091307, 5.863841087287779, 1.2146687471627582],
 [2, 2, 0.01, 0.010803548877664281, 2.004700560051849, 0.859061930243471],
 [2, 2, 0.1, 0.0024806623420172225, 1.461843614785595, 0.7387530251412888],
 [2, 2, 1, 0.003782472071985528, 3.11927626384876, 0.5179117575666414],
 [2, 3, 0.01, 0.0030484038002377084, 1.7926852441455101, 0.8723620898868503],
 [2, 3, 0.1, 0.004658408640728024, 2.283255321362353, 1.1070305273467538],
 [2, 3, 1, 0.004705351015873677, 5.365120609986538, 1.479634439446223],
 [2, 4, 0.01, 0.0050275641131135316, 1.6346268957006647, 0.5925039456132483],
 [2, 4, 0.1, 0.0061118162137760185, 2.455823851355638, 1.0776789310044377],
 [2, 4, 1, 0.0023213059857407924, 3.8836264249781594, 0.5384389197655143],
 [2, 5, 0.01, 0.0013578484936077853, 1.5489961633467968, 0.5165263098949031],
 [2, 5, 0.1, 0.001296922688435578, 2.1394414942510154, 1.0354593873555376],
 [2, 5, 1, 0.0067046766530311445, 3.6653494218245455, 2.2659837322335328],
 [2, 6, 0.01, 0.006594682454590282, 1.7998724994211872, 0.7781647502438176],
 [2, 6, 0.1, 0.0015750476650603148, 1.6675839542561477, 0.41141427247995155],
 [2, 6, 1, 0.0038152449734639112, 4.393183815701191, 1.385811656609346],
 [2, 7, 0.01, 0.009251686246018385, 1.9263367022916633, 0.7116860551472065],
 [2, 7, 0.1, 0.0037910610211890584, 1.7871965344084593, 0.6093179653537015],
 [2, 7, 1, 0.0015122490671876385, 5.86398304844448, 1.1792179463248162],
 [2, 8, 0.01, 0.006095764194986526, 1.8619486169738302, 0.7293436823255477],
 [2, 8, 0.1, 0.005043007451095224, 2.0678147135795633, 0.7663680031286652],
 [2, 8, 1, 0.0005727497384670152, 2.2004724063427714, 0.513378094378688],
 [2, 9, 0.01, 0.008572337691468843, 1.4153697886752703, 0.5648914292755906],
 [2, 9, 0.1, 0.0031204656516145464, 1.7530634680017119, 0.5239789733157126],
 [2, 9, 1, 0.0034686241966042424, 2.5387020875474198, 0.5744934264329208],
 [2, 10, 0.01, 0.007416395265050432, 2.0232573770069493, 0.8648612621816338],
 [2, 10, 0.1, 0.001965735463473196, 1.9147765688812697, 0.5656624761272103],
 [2, 10, 1, 0.002592332311552043, 3.5384030244317906, 2.7662408162942476],
 [2, 11, 0.01, 0.0038223543671225533, 1.4015372335807943, 0.5407141906690357],
 [2, 11, 0.1, 0.0037528614633710036, 1.6568422539823058, 0.6115790644420295],
 [2, 11, 1, 0.00410735216817179, 3.3150860997029383, 1.2480766652606974],
 [2, 12, 0.01, 0.005216311295086625, 2.3538142037759218, 0.8531549739240757],
 [2, 12, 0.1, 0.004567868584575963, 1.7664351848103919, 0.6069106333190116],
 [2, 12, 1, 0.0047224813467221655, 5.361528285568172, 5.438668545850055],
 [2, 13, 0.01, 0.003131071041647033, 1.81761481294089, 0.6620121366757938],
 [2, 13, 0.1, 0.003176847289341384, 1.5461897675970426, 0.4268648967527912],
 [2, 13, 1, 0.0035344529779405, 4.012364077663085, 0.8133754017467154],
 [2, 14, 0.01, 0.001260690030650722, 1.2989884719726694, 0.4104454028364439],
 [2, 14, 0.1, 0.004026586834896687, 2.260334030465488, 0.7137679205773981],
 [2, 14, 1, 0.004579682099058314, 3.1622284533161187, 0.6866787603330482],
 [2, 15, 0.01, 0.0021504790879234457, 1.5358301875880536, 0.541543424798683],
 [2, 15, 0.1, 0.003273294366327927, 2.693240978317431, 0.7817768914224715],
 [2, 15, 1, 0.0032834520992624794, 3.0946284397330563, 0.4495842212449222],
 [2, 16, 0.01, 0.005666720685450629, 2.4633052077800963, 0.7482466006336964],
 [2, 16, 0.1, 0.0042373850588847874, 2.1819914020282876, 0.7511604387325427],
 [2, 16, 1, 0.004261571848208844, 5.086163358263994, 0.8369501112557609],
 [2, 17, 0.01, 0.006406391726890453, 2.354644013870197, 0.9139708028580932],
 [2, 17, 0.1, 0.0022410648147195033, 1.8071781868715568, 0.5753727668629423],
 [2, 17, 1, 0.0033759898974088398, 3.866648302886395, 0.6885988379531575],
 [2, 18, 0.01, 0.008945328660056335, 2.221107610558829, 0.8943939483848661],
 [2, 18, 0.1, 0.00825818539609765, 1.524576781130441, 0.5189730447378542],
 [2, 18, 1, 6.890000496242638e-05, 3.715852416039367, 0.9973026527726155],
 [2, 19, 0.01, 0.0013700934197685883, 1.69097272964176, 0.5677546752109138],
 [2, 19, 0.1, 0.005201726216563005, 1.396938902924979, 0.6343752122694771],
 [2, 19, 1, 0.0033693189535016375, 4.265619921033414, 2.2651586436055],
 [2, 20, 0.01, 0.008487568710011205, 1.4067311353303982, 0.49886624184716766],
 [2, 20, 0.1, 0.0068377379119338635, 2.4650824867885124, 1.1801903441297819],
 [2, 20, 1, 0.008357861889914683, 4.088633338324846, 1.1056050972790012],
 [5, 0, 0.01, 0.47579174495837195, 0.5574165652182548, 0.49636414031198256],
 [5, 0, 0.1, 0.4503962362373974, 0.6111160671551212, 0.49288761319021696],
 [5, 0, 1, 0.3668349482049011, 2.8255376765990454, 1.4644459398979812],
 [5, 1, 0.01, 0.30158099194113974, 0.752183809478842, 0.5045150172823453],
 [5, 1, 0.1, 0.29641888102959096, 1.0709379089181454, 1.0521232371708706],
 [5, 1, 1, 0.20480503419709786, 2.4812216490923262, 1.7367089637027118],
 [5, 2, 0.01, 0.1364544563901532, 0.870509058621767, 0.4483884635588233],
 [5, 2, 0.1, 0.19062063151511166, 0.9171546368215644, 0.38361988703438404],
 [5, 2, 1, 0.20124118176932013, 3.158590103143152, 0.5329408273616625],
 [5, 3, 0.01, 0.10056210803283547, 0.687282053123209, 0.26961347288777654],
 [5, 3, 0.1, 0.08577693426289787, 0.8299975913762504, 0.3212254295610924],
 [5, 3, 1, 0.10116203996468227, 2.8191901991641535, 2.0959283220433926],
 [5, 4, 0.01, 0.07174163637773381, 0.7605152302322654, 0.2959364058778043],
 [5, 4, 0.1, 0.0819526243348057, 1.0963800805912451, 0.456277340925373],
 [5, 4, 1, 0.07535863950222099, 3.2411998475214836, 0.2534478161872074],
 [5, 5, 0.01, 0.07972783158161326, 0.8089316073216757, 0.24140524638671845],
 [5, 5, 0.1, 0.05505332407680844, 0.7349684570517756, 0.23497353227908077],
 [5, 5, 1, 0.06224805023252329, 3.1798213913238427, 0.3630054374757205],
 [5, 6, 0.01, 0.055522556850497826, 1.3464546258786272, 0.32831394489620946],
 [5, 6, 0.1, 0.06288936703189818, 0.3329447978210059, 0.18018966846134357],
 [5, 6, 1, 0.047058002530536755, 2.4360381027760454, 0.18158565457919482],
 [5, 7, 0.01, 0.05945838125700279, 0.842929609173199, 0.22270148652989002],
 [5, 7, 0.1, 0.056875323435579814, 0.662614157247386, 0.29774288713385827],
 [5, 7, 1, 0.05629967385604118, 2.3026407769259016, 0.6316261855277414],
 [5, 8, 0.01, 0.0564021005448286, 0.49079218944322145, 0.194523084261568],
 [5, 8, 0.1, 0.05126674813454253, 0.5435628547219618, 0.20629881659676744],
 [5, 8, 1, 0.062327260986283425, 2.4834084304899577, 0.6806604714619537],
 [5, 9, 0.01, 0.0839895006886657, 0.5379617881348422, 0.17206991187863824],
 [5, 9, 0.1, 0.04733069522083713, 1.0086043769726316, 0.2606984200440917],
 [5, 9, 1, 0.06354137763615897, 3.1544096423784103, 1.8345886559003424],
 [5, 10, 0.01, 0.04903226508782395, 0.9056483093422306, 0.18950383214496092],
 [5, 10, 0.1, 0.04358974966751768, 1.1529645843569247, 0.2628283141832844],
 [5, 10, 1, 0.053169842116767264, 3.9834042748184517, 0.3386511705317115],
 [5, 11, 0.01, 0.04832813635294063, 0.4903572269404167, 0.23969988478115],
 [5, 11, 0.1, 0.05878203616552169, 1.1827380340910545, 0.25380027477393485],
 [5, 11, 1, 0.0519066170481418, 2.676902775794106, 2.5070548712589527],
 [5, 12, 0.01, 0.035460218671638434, 1.3629796048468967, 0.329918791447525],
 [5, 12, 0.1, 0.06006000049953179, 0.6329798905086986, 0.2363591433945143],
 [5, 12, 1, 0.05098262551466942, 2.0701681810833317, 0.37216314167598247],
 [5, 13, 0.01, 0.06209036956457472, 0.5985420745655409, 0.2282313606870065],
 [5, 13, 0.1, 0.06766091820989902, 1.4925889005933706, 0.531817047786901],
 [5, 13, 1, 0.0641356672172846, 1.8055984461294154, 0.832703992288795],
 [5, 14, 0.01, 0.058522267462453634, 0.6662946285749288, 0.2304486396038138],
 [5, 14, 0.1, 0.05559678384498786, 0.9977965836512082, 0.23246417267610195],
 [5, 14, 1, 0.054883253295712794, 1.8406715277936272, 0.6659025228857727],
 [5, 15, 0.01, 0.062320218114214475, 1.1270166575583391, 0.2668708910614671],
 [5, 15, 0.1, 0.04757026557401287, 0.9132373568871698, 0.24276083091630388],
 [5, 15, 1, 0.05234102218146652, 3.1848357820349458, 0.4745177204547523],
 [5, 16, 0.01, 0.06876173721556088, 0.7475518176409397, 0.2923872151241887],
 [5, 16, 0.1, 0.05644761220839818, 0.9597870679074528, 0.22262191854956218],
 [5, 16, 1, 0.04852873703914891, 3.4455571164240317, 1.1275046819425738],
 [5, 17, 0.01, 0.03818341325330804, 1.5989132747251507, 0.3577633406623201],
 [5, 17, 0.1, 0.061538509505822216, 0.7900771738354068, 0.22397997277943504],
 [5, 17, 1, 0.06115983830998613, 3.2215345091530843, 2.9862041269168613],
 [5, 18, 0.01, 0.05776771489845915, 0.7677014040704815, 0.23626791776281092],
 [5, 18, 0.1, 0.05494267392676624, 0.8466654666323278, 0.2760738495553387],
 [5, 18, 1, 0.06260424383257926, 2.8660198222822784, 0.3756066446023534],
 [5, 19, 0.01, 0.054058247555735586, 1.233396795820482, 0.24627522942528288],
 [5, 19, 0.1, 0.04048328338870766, 1.1964734532077614, 0.3058613730480702],
 [5, 19, 1, 0.044745897659269465, 2.8838237257154846, 0.5073563920721423],
 [5, 20, 0.01, 0.055225186183123075, 0.776969782019455, 0.34439699953087116],
 [5, 20, 0.1, 0.04902658233561526, 1.0959218346322306, 0.2703439905892559],
 [5, 20, 1, 0.05203861829406479, 4.631760151536292, 5.547199053377092],
 [10, 0, 0.01, 0.45269818438810344, 0.541202127179225, 0.5238603106576158],
 [10, 0, 0.1, 0.4583074874638172, 0.562042711364309, 0.48004957509897667],
 [10, 0, 1, 0.4385432794985141, 2.1274630153653815, 0.5036471996128039],
 [10, 1, 0.01, 0.3523665942414941, 0.7105657431779493, 0.5399350372267937],
 [10, 1, 0.1, 0.37717871689535365, 0.6988365077616764, 0.6557273112318605],
 [10, 1, 1, 0.374377180301027, 3.8929731397765046, 0.8522164907009807],
 [10, 2, 0.01, 0.26665610867199246, 0.4425806542062066, 0.356956644146171],
 [10, 2, 0.1, 0.24396026477653948, 0.5142724000169373, 0.36826659151144847],
 [10, 2, 1, 0.27080983052955543, 1.6070599925583573, 1.1618766488871572],
 [10, 3, 0.01, 0.1473185778598708, 0.3175686672202897, 0.22286086631353852],
 [10, 3, 0.1, 0.14923911869631953, 0.22711335425988652, 0.19116866474633656],
 [10, 3, 1, 0.1405835071193698, 3.3748927464908753, 0.692561186433298],
 [10, 4, 0.01, 0.10199335657505393, 0.1709397952800858, 0.14538993965656222],
 [10, 4, 0.1, 0.09993904350094636, 0.42569334774824386, 0.18080808263258344],
 [10, 4, 1, 0.10155483093435458, 2.991989043960907, 0.5665807284590739],
 [10, 5, 0.01, 0.08849211923527815, 0.22465811106784933, 0.16095630308911754],
 [10, 5, 0.1, 0.08339413039634615, 0.22872707818285623, 0.1799109366003548],
 [10, 5, 1, 0.09672307132818041, 2.1501709128928925, 0.1350780429254431],
 [10, 6, 0.01, 0.07554036418125802, 0.3056302018907714, 0.173963054698931],
 [10, 6, 0.1, 0.08820973140128018, 0.45682933852084434, 0.15348116616791202],
 [10, 6, 1, 0.08099331424700162, 1.6217735204649686, 0.8823501440153662],
 [10, 7, 0.01, 0.09204131593618477, 0.26546174635225084, 0.16955243130054723],
 [10, 7, 0.1, 0.09406603464604489, 0.28198698406454276, 0.1536168623588019],
 [10, 7, 1, 0.10246121125101679, 1.4298502497154, 6.083773185017352],
 [10, 8, 0.01, 0.06844514760920416, 0.6177867586934911, 0.15401163950231847],
 [10, 8, 0.1, 0.09519159577259967, 0.2768999276207097, 0.15464665494956914],
 [10, 8, 1, 0.10146982118856626, 2.185531058560302, 3.908372320593669],
 [10, 9, 0.01, 0.09442820226986291, 0.3637220680761952, 0.17974037525323835],
 [10, 9, 0.1, 0.10380289292748952, 0.2780130691874509, 0.1716986124969145],
 [10, 9, 1, 0.09946300202627595, 2.636551431219806, 0.39086799445596493],
 [10, 10, 0.01, 0.08464866005482108, 0.3158191033637923, 0.17989738978984995],
 [10, 10, 0.1, 0.09748618980659025, 0.32416997252638635, 0.21281679579483237],
 [10, 10, 1, 0.07642500388104813, 2.673065365242554, 2.3240881499798274],
 [10, 11, 0.01, 0.0820321761851815, 0.43515301506264725, 0.21097975470069738],
 [10, 11, 0.1, 0.08520466234363244, 0.36603385032613744, 0.28698098563941427],
 [10, 11, 1, 0.09872702272649996, 1.4104012160152437, 2.6714369325745575],
 [10, 12, 0.01, 0.08751531640273769, 0.36782281896358204, 0.2872193151657497],
 [10, 12, 0.1, 0.09140833191963367, 0.3429539713279114, 0.3206651028463864],
 [10, 12, 1, 0.10279866091622254, 2.5556709021683353, 2.05072931359639],
 [10, 13, 0.01, 0.10047877920605827, 0.33713673418832707, 0.17990457370048338],
 [10, 13, 0.1, 0.09980252928505937, 0.3448615377500505, 0.14407849771071216],
 [10, 13, 1, 0.08275886015127705, 2.4730249010707004, 0.20044056597929044],
 [10, 14, 0.01, 0.08788232850613517, 0.31356070553199855, 0.17824778414539483],
 [10, 14, 0.1, 0.08643814609869092, 0.4523956539255886, 0.19975226933824397],
 [10, 14, 1, 0.09037704489827617, 2.8659669977171793, 0.674249426131562],
 [10, 15, 0.01, 0.07606868311397884, 0.3529206858972798, 0.18051796663231368],
 [10, 15, 0.1, 0.07778305874345487, 0.6590485163436152, 0.1857226352423453],
 [10, 15, 1, 0.0914796078701453, 2.0932508780478787, 0.19623408795346886],
 [10, 16, 0.01, 0.09073944291020458, 0.6294418082559894, 0.22225287185255968],
 [10, 16, 0.1, 0.07532731782353667, 0.4870755063781913, 0.31996830230237333],
 [10, 16, 1, 0.0826411673100897, 1.7065792505664579, 0.6687979613706494],
 [10, 17, 0.01, 0.0919817019385559, 0.3828014853498203, 0.212210221447241],
 [10, 17, 0.1, 0.07483727271263, 0.40752855984494224, 0.21256873517323455],
 [10, 17, 1, 0.0844876124622496, 3.0049238265205966, 0.3713432299972341],
 [10, 18, 0.01, 0.08487347564542207, 0.3973097058050712, 0.20322593151054336],
 [10, 18, 0.1, 0.08280063016951475, 0.4870176630259082, 0.2700907819642447],
 [10, 18, 1, 0.08003303006732569, 2.5052392198416755, 0.15586808431677657],
 [10, 19, 0.01, 0.0789536293707573, 0.3949693350894489, 0.1818254665343211],
 [10, 19, 0.1, 0.08686624577762453, 0.4172278660240384, 0.21470108497725288],
 [10, 19, 1, 0.08494372512819638, 2.7582562105011608, 0.2699542739228184],
 [10, 20, 0.01, 0.07512522353141386, 0.5167337129556255, 0.2815302228095908],
 [10, 20, 0.1, 0.07910866543846269, 0.5142588640745989, 0.19910713089890955],
 [10, 20, 1, 0.08343597062880377, 1.976663932846114, 0.6527930406300279],
 [20, 0, 0.01, 0.4450035761690286, 0.5308038194318152, 0.5107991587403535],
 [20, 0, 0.1, 0.508845089857304, 0.5425353329605774, 0.4921289210578592],
 [20, 0, 1, 0.4681281931270627, 2.147562202735144, 7.665128056779742],
 [20, 1, 0.01, 0.43474155426846844, 0.6074615205920776, 0.5516686916481758],
 [20, 1, 0.1, 0.42125684860233586, 0.6572473712202502, 0.7449402273542177],
 [20, 1, 1, 0.40743632274593267, 2.7875387127218754, 0.6138767085751169],
 [20, 2, 0.01, 0.28733530834489895, 0.36732808438191744, 0.3066905843838165],
 [20, 2, 0.1, 0.2841971923787624, 0.4021014368634446, 0.32333632174485943],
 [20, 2, 1, 0.28895218856025245, 1.9123198857280659, 0.6927635158091687],
 [20, 3, 0.01, 0.16220584022458212, 0.20080608872319003, 0.18309743837542106],
 [20, 3, 0.1, 0.16327745385505316, 0.22707535724677244, 0.18876014201701205],
 [20, 3, 1, 0.15239356331074577, 2.233630537015236, 0.9429267736827822],
 [20, 4, 0.01, 0.10976138882912342, 0.14499386096557781, 0.14071694946605334],
 [20, 4, 0.1, 0.1114004921243404, 0.1765707963802443, 0.14639682823755376],
 [20, 4, 1, 0.11009396613276468, 2.7977537023475367, 0.16343619567315787],
 [20, 5, 0.01, 0.1009579343230711, 0.1486047436811015, 0.1299068978159466],
 [20, 5, 0.1, 0.09750975254961541, 0.1807075338481578, 0.14232832191442374],
 [20, 5, 1, 0.10259280130993682, 2.2751648931818, 0.2763500534394878],
 [20, 6, 0.01, 0.10466357565167872, 0.1669529478374509, 0.1430043865170504],
 [20, 6, 0.1, 0.11189761143815731, 0.19072029723271994, 0.1356488126553072],
 [20, 6, 1, 0.10101403685956858, 2.639675660025102, 0.2270858086798831],
 [20, 7, 0.01, 0.1111341900037122, 0.16775550768553224, 0.13818355585229822],
 [20, 7, 0.1, 0.10443272222900384, 0.2044502326278018, 0.20134593050312735],
 [20, 7, 1, 0.11796618320875477, 1.7717164758855735, 0.2697530319390627],
 [20, 8, 0.01, 0.10697013958973482, 0.23314924857290603, 0.15497052030411715],
 [20, 8, 0.1, 0.11867922283225707, 0.19341245891317804, 0.16087237606528593],
 [20, 8, 1, 0.11779714653558662, 3.020538808393607, 0.44461346177034],
 [20, 9, 0.01, 0.1140764773842872, 0.2016734124988217, 0.18056243812614542],
 [20, 9, 0.1, 0.11707564744618626, 0.22602573087844444, 0.18345188409879834],
 [20, 9, 1, 0.11500740744962226, 1.7309796774621797, 0.21766279592487736],
 [20, 10, 0.01, 0.1071781585856371, 0.23484814788196426, 0.17489526215266682],
 [20, 10, 0.1, 0.1098290670109886, 0.23945930643533533, 0.16934656157765643],
 [20, 10, 1, 0.10902704922395154, 1.674352495895065, 0.74023319967994],
 [20, 11, 0.01, 0.11739029452683647, 0.20025610455703186, 0.15701556126472177],
 [20, 11, 0.1, 0.1154791272080864, 0.20870414600219855, 0.16885359192446764],
 [20, 11, 1, 0.11384904010970646, 2.271683307780548, 0.16249911315834323],
 [20, 12, 0.01, 0.11071448391883307, 0.2545489846747751, 0.18862706720167366],
 [20, 12, 0.1, 0.1048193867135179, 0.245570190315706, 0.19783616954301136],
 [20, 12, 1, 0.11327514423300508, 1.9263270760286617, 4.400222591472246],
 [20, 13, 0.01, 0.11077072517204918, 0.15918887314651092, 0.1377602903410379],
 [20, 13, 0.1, 0.1078697589409233, 0.25168446174657805, 0.16135080239445276],
 [20, 13, 1, 0.11075631655863935, 2.4469944875384053, 0.5322594349003636],
 [20, 14, 0.01, 0.10703194162151553, 0.25569406939168304, 0.15565901933300064],
 [20, 14, 0.1, 0.10845419891915724, 0.28334416851079763, 0.18108633106480376],
 [20, 14, 1, 0.09708082328239849, 2.60356468723028, 4.464749127112687],
 [20, 15, 0.01, 0.10121244615020171, 0.2084240161063371, 0.14766030461377253],
 [20, 15, 0.1, 0.09996102423909578, 0.29098309091470176, 0.1738301266237575],
 [20, 15, 1, 0.1031347762270739, 2.420078536515283, 0.30105366179843085],
 [20, 16, 0.01, 0.0983418521681034, 0.2522353624203161, 0.15480514868252337],
 [20, 16, 0.1, 0.09894099690920145, 0.2818995073832337, 0.17617348744563174],
 [20, 16, 1, 0.10398587127316472, 2.5729093388345476, 2.3137937494987306],
 [20, 17, 0.01, 0.09806757016248319, 0.2139007919173468, 0.1571830673024466],
 [20, 17, 0.1, 0.09812163716732739, 0.2590380252696375, 0.16532170131130314],
 [20, 17, 1, 0.1020407693341759, 2.4245719553374956, 3.1051922268840073],
 [20, 18, 0.01, 0.0930638839047056, 0.271747175987416, 0.17257315348377844],
 [20, 18, 0.1, 0.09404767418559637, 0.24826232332886122, 0.16264972898518273],
 [20, 18, 1, 0.09766812995410198, 2.330896542060965, 2.994802594300567],
 [20, 19, 0.01, 0.09340545764339059, 0.2570147784821938, 0.15752521620486248],
 [20, 19, 0.1, 0.095118763227603, 0.2784986494800995, 0.16233606500903427],
 [20, 19, 1, 0.09690136477376188, 1.3427546168314637, 0.5534246326853057],
 [20, 20, 0.01, 0.09447455753740083, 0.2453129280331204, 0.15217481211844164],
 [20, 20, 0.1, 0.09732936333722136, 0.18949656013252714, 0.15001026199881828],
 [20, 20, 1, 0.09084109413291754, 1.960612609619909, 2.901269229673324],
 [50, 0, 0.01, 0.5024486390692139, 0.5087982653191023, 0.510717125093397],
 [50, 0, 0.1, 0.490076730447934, 0.5298558526765734, 0.5045800882797187],
 [50, 0, 1, 0.4851704909978502, 1.6401323499497213, 0.5159347665457265],
 [50, 1, 0.01, 0.48935039732867047, 0.524302008955087, 0.5107733093231829],
 [50, 1, 0.1, 0.4633446301069758, 0.5506734755182544, 0.5103006966623662],
 [50, 1, 1, 0.4925811862368539, 2.343094792676494, 1.0143552101801234],
 [50, 2, 0.01, 0.3044050399903533, 0.32851568180688984, 0.3230357847053461],
 [50, 2, 0.1, 0.2949276690177295, 0.34318820391952365, 0.334263450326035],
 [50, 2, 1, 0.2993544016677229, 2.547222825717692, 1.5328697930542154],
 [50, 3, 0.01, 0.15871063994689885, 0.18011675415601897, 0.18117002818340233],
 [50, 3, 0.1, 0.16004550794515665, 0.20669455682490825, 0.18561980060787864],
 [50, 3, 1, 0.15653513076437203, 3.3517373803441557, 0.8770109783752381],
 [50, 4, 0.01, 0.10918959723971093, 0.12105018340860652, 0.12463408813707898],
 [50, 4, 0.1, 0.10934846651894976, 0.13863161440633556, 0.1491935157943637],
 [50, 4, 1, 0.1130727062039308, 1.608975866489534, 3.3285083539559714],
 [50, 5, 0.01, 0.1087569309369397, 0.11945231907615073, 0.11716100511726193],
 [50, 5, 0.1, 0.10931287300629852, 0.14511772345895266, 0.145411220546207],
 [50, 5, 1, 0.10486573577259899, 2.001186061512446, 0.128366509639021],
 [50, 6, 0.01, 0.12006719731719542, 0.1357604675471616, 0.12973817788006503],
 [50, 6, 0.1, 0.11247360420292667, 0.14262039165357027, 0.13258283321161582],
 [50, 6, 1, 0.11397891870504843, 1.4184161044898191, 1.113566624359423],
 [50, 7, 0.01, 0.12959433439351917, 0.1409434822486695, 0.1433188119809785],
 [50, 7, 0.1, 0.12193279676585204, 0.1832466317606172, 0.14109392617059524],
 [50, 7, 1, 0.12422660732239725, 1.419870342008996, 0.15901475731136447],
 [50, 8, 0.01, 0.12853466395097163, 0.15336791709844314, 0.14856528180386178],
 [50, 8, 0.1, 0.12939593327182822, 0.1761170994343394, 0.16140789272771486],
 [50, 8, 1, 0.1315567334962661, 2.419884673182416, 0.19873157288739227],
 [50, 9, 0.01, 0.1312819746780026, 0.15620242377732013, 0.14201227062896643],
 [50, 9, 0.1, 0.1344757653051622, 0.16998274778894043, 0.16142424298993296],
 [50, 9, 1, 0.12736990486280658, 2.170040446542166, 0.37124186609026344],
 [50, 10, 0.01, 0.1306715022531028, 0.1659968371890754, 0.1563303214691454],
 [50, 10, 0.1, 0.12651475559289033, 0.20896098054501322, 0.14957159358872169],
 [50, 10, 1, 0.12678893337829772, 2.5342497059085054, 0.7885942683290399],
 [50, 11, 0.01, 0.12394704723010508, 0.1584288049535547, 0.14340400987996937],
 [50, 11, 0.1, 0.12624626765562508, 0.18558682827453593, 0.14204681544764045],
 [50, 11, 1, 0.1288414424730489, 1.8274193404210615, 0.5123610004601096],
 [50, 12, 0.01, 0.12165838595061743, 0.1419983021171559, 0.1272375001166141],
 [50, 12, 0.1, 0.12260682156355766, 0.16358898503449687, 0.1404343004003882],
 [50, 12, 1, 0.12084747475365665, 3.085564868723302, 1.1180529798016847],
 [50, 13, 0.01, 0.11727549932216022, 0.16009753560345188, 0.12858111657227383],
 [50, 13, 0.1, 0.11951684860061436, 0.16977822216329036, 0.13555709370210337],
 [50, 13, 1, 0.11728730447809092, 1.0617110090885513, 0.5795896661941415],
 [50, 14, 0.01, 0.11318248332662258, 0.14819752097927127, 0.12556316191353079],
 [50, 14, 0.1, 0.10923916654080232, 0.1465120911680174, 0.12566939575681552],
 [50, 14, 1, 0.11120507161314175, 1.9082363025731972, 0.45133102315248647],
 [50, 15, 0.01, 0.10531821516476007, 0.12412556028868735, 0.11557732835583544],
 [50, 15, 0.1, 0.1077448412390117, 0.16063499689603483, 0.13515450953029692],
 [50, 15, 1, 0.10761506099104541, 2.2313697101692567, 1.8469123848646183],
 [50, 16, 0.01, 0.104175775543167, 0.13981489057202884, 0.1190252713197131],
 [50, 16, 0.1, 0.10537932754347179, 0.16101604143530784, 0.12210434179343199],
 [50, 16, 1, 0.10389992239543717, 2.768174100389866, 0.11402792139560292],
 [50, 17, 0.01, 0.10012299930069687, 0.11183209626326626, 0.10449314416593908],
 [50, 17, 0.1, 0.1018562341947945, 0.13296414119818117, 0.1175836935048333],
 [50, 17, 1, 0.09941006396343884, 0.9350689041600635, 0.13899978625255935],
 [50, 18, 0.01, 0.10352047067231676, 0.1311910008664084, 0.11568425711585291],
 [50, 18, 0.1, 0.09937373542884599, 0.1615223808528793, 0.1309349219040859],
 [50, 18, 1, 0.09877033328978997, 1.3398871762880495, 1.322479876405487],
 [50, 19, 0.01, 0.09719822522525004, 0.11265895665084288, 0.10456939081937662],
 [50, 19, 0.1, 0.09815148339312461, 0.16620751305067666, 0.11399270485719157],
 [50, 19, 1, 0.09892778170664979, 1.4633615336042065, 0.3154469488736881],
 [50, 20, 0.01, 0.09532089511883206, 0.12051977196132005, 0.10935185841340618],
 [50, 20, 0.1, 0.09477981463887529, 0.12445378358814621, 0.10096859790843543],
 [50, 20, 1, 0.09581373841249871, 3.581581322548292, 0.8572506479501201],
 [100, 0, 0.01, 0.4726615185754614, 0.5081483500557105, 0.5068494625482153],
 [100, 0, 0.1, 0.5005324467924014, 0.5317466289700818, 0.4821622413657311],
 [100, 0, 1, 0.4941484906386317, 2.0367902933684934, 1.4606432216460985],
 [100, 1, 0.01, 0.49524822176929567, 0.5198004414072317, 0.4926262533411127],
 [100, 1, 0.1, 0.4841505417955555, 0.5265576808098319, 0.5458633308960493],
 [100, 1, 1, 0.4936282673683624, 2.246857860446161, 0.9416835724348773],
 [100, 2, 0.01, 0.30215138390747226, 0.3170934385455143, 0.3075954773765887],
 [100, 2, 0.1, 0.29703828472226385, 0.3171168157067206, 0.30909362735950546],
 [100, 2, 1, 0.29986799818844745, 0.9418692214305743, 0.3222795404357023],
 [100, 3, 0.01, 0.16136114057590473, 0.16760238058895272, 0.16716048398020844],
 [100, 3, 0.1, 0.1565931118856632, 0.18759934417875618, 0.17532935813734135],
 [100, 3, 1, 0.15607146859581975, 1.909450988253899, 1.2271362570489535],
 [100, 4, 0.01, 0.1109503902745406, 0.11790049904417814, 0.12121892392731938],
 [100, 4, 0.1, 0.11135518921454968, 0.13792224386282564, 0.13574103020450182],
 [100, 4, 1, 0.11308575962630515, 3.0515578967390495, 0.554849116112781],
 [100, 5, 0.01, 0.10715471166006678, 0.11392961307786517, 0.11860626796907109],
 [100, 5, 0.1, 0.10991579947439087, 0.15138182794581176, 0.12553456439544303],
 [100, 5, 1, 0.10885714004081168, 1.8568398271186506, 0.8208966720057379],
 [100, 6, 0.01, 0.1172735752020549, 0.12679600898880142, 0.12474380074277547],
 [100, 6, 0.1, 0.12216037843202263, 0.14392624686271638, 0.1371612851728831],
 [100, 6, 1, 0.12051452432351184, 1.2134418239792317, 0.1997652032683346],
 [100, 7, 0.01, 0.13318602722485337, 0.14178572786775673, 0.14029801896737537],
 [100, 7, 0.1, 0.12800659667362677, 0.15049351232030925, 0.13562888550733262],
 [100, 7, 1, 0.13077770219021706, 1.8490160215266904, 4.277932084080661],
 [100, 8, 0.01, 0.13459605889378373, 0.14271008096828333, 0.14661993601533674],
 [100, 8, 0.1, 0.13569320400127832, 0.1615793497172385, 0.14275859491663714],
 [100, 8, 1, 0.13238495033923997, 1.6453263368949353, 0.2364753555350055],
 [100, 9, 0.01, 0.13763571456688709, 0.14342261060933909, 0.14469869581418188],
 [100, 9, 0.1, 0.13641446971832907, 0.17378098223169242, 0.16209199887588052],
 [100, 9, 1, 0.12906614774707795, 2.0532264660380912, 4.086325549288616],
 [100, 10, 0.01, 0.133982673261049, 0.14718859400111872, 0.14299512228295347],
 [100, 10, 0.1, 0.1337047294158718, 0.18628245968859375, 0.14246546186192832],
 [100, 10, 1, 0.1362918992959003, 1.8011640991444824, 0.6339980880717846],
 [100, 11, 0.01, 0.12831861133065872, 0.1352762199035969, 0.13172494048966701],
 [100, 11, 0.1, 0.12768021130239568, 0.16038925964272086, 0.13998425572281217],
 [100, 11, 1, 0.12761546334705146, 3.434096677579576, 0.14005092906900135],
 [100, 12, 0.01, 0.12414485596644775, 0.1304358402265454, 0.12972782214032105],
 [100, 12, 0.1, 0.12354204596316701, 0.15541447488713017, 0.13030709978963737],
 [100, 12, 1, 0.12248404327062956, 1.6225649525844816, 1.7888070071576712],
 [100, 13, 0.01, 0.11670342757019195, 0.1335581862918908, 0.12728109989995978],
 [100, 13, 0.1, 0.11930927203836202, 0.15162789446384003, 0.12580439738663232],
 [100, 13, 1, 0.1213011067545535, 2.4296903463782877, 0.5096774075954023],
 [100, 14, 0.01, 0.1136682754497748, 0.1266174451831436, 0.12352978951945531],
 [100, 14, 0.1, 0.11224218568460645, 0.144796358858903, 0.11462493756807034],
 [100, 14, 1, 0.11151519328773525, 1.999685249851472, 0.3625865286744763],
 [100, 15, 0.01, 0.1037948912036492, 0.11089704245013463, 0.109000782398156],
 [100, 15, 0.1, 0.10865451870413487, 0.12041530598029156, 0.10770977271171471],
 [100, 15, 1, 0.10799560080350767, 2.5416834852760313, 2.980838835932324],
 [100, 16, 0.01, 0.10328378078417469, 0.11227834911417434, 0.1069938227216487],
 [100, 16, 0.1, 0.1053708880170036, 0.12359425121044057, 0.10831532611625813],
 [100, 16, 1, 0.10550252731445413, 2.2971818570228946, 2.6047154993062653],
 [100, 17, 0.01, 0.10149350229016416, 0.11127287526826572, 0.10970450948685115],
 [100, 17, 0.1, 0.09937145274036746, 0.13146900341562345, 0.10628123224637383],
 [100, 17, 1, 0.09859999237349645, 2.92537985421894, 0.4298764023178124],
 [100, 18, 0.01, 0.0983366432516479, 0.10884669204907868, 0.10658466300883616],
 [100, 18, 0.1, 0.0984172457934849, 0.12777496501703006, 0.10801773691022355],
 [100, 18, 1, 0.09544294061675762, 3.056065261141838, 0.6458913333700202],
 [100, 19, 0.01, 0.09897088353830076, 0.10735535946486023, 0.10472952733509103],
 [100, 19, 0.1, 0.09929323821520857, 0.12432250381966421, 0.09796062451602713],
 [100, 19, 1, 0.09836420112285452, 2.3362338817228254, 2.582400046111998],
 [100, 20, 0.01, 0.09608465474235159, 0.10122591707884998, 0.09898779824028686],
 [100, 20, 0.1, 0.09831934647086418, 0.13843182928369338, 0.10470502808569036],
 [100, 20, 1, 0.095254596914948, 1.221257254304546, 0.2910225181499735],
 [200, 0, 0.01, 0.5043901029583825, 0.5007620166242661, 0.5144312460795057],
 [200, 0, 0.1, 0.4953252576747407, 0.5193777088359463, 0.5002706018522868],
 [200, 0, 1, 0.5012235147307407, 1.3343106363896449, 0.7564912947403741],
 [200, 1, 0.01, 0.5016553218841534, 0.506121549088202, 0.4877755828962289],
 [200, 1, 0.1, 0.4905243179292179, 0.5194718381742581, 0.5169726751704836],
 [200, 1, 1, 0.5100874847536077, 2.873976692523298, 4.273907773016514],
 [200, 2, 0.01, 0.29326448639627584, 0.2972306475416927, 0.2981152703146004],
 [200, 2, 0.1, 0.3063865342150968, 0.32721963646558183, 0.3253363780564051],
 [200, 2, 1, 0.30748049284715834, 2.7610969566363623, 4.257720792653154],
 [200, 3, 0.01, 0.16319393326755882, 0.16613946600983204, 0.1821954951061807],
 [200, 3, 0.1, 0.15726183491872794, 0.19773583984817503, 0.17467010212330245],
 [200, 3, 1, 0.15586665803095515, 3.2847126994392988, 1.038476819037803],
 [200, 4, 0.01, 0.1095466206852854, 0.11182328162033324, 0.11795108321435367],
 [200, 4, 0.1, 0.11349318410783163, 0.1367298362940366, 0.12506171036037167],
 [200, 4, 1, 0.11306730007338081, 1.8537582993406854, 0.7572510707641047],
 [200, 5, 0.01, 0.10931787727037648, 0.11697304146614376, 0.12702327789694257],
 [200, 5, 0.1, 0.11052180092787592, 0.1411395921298601, 0.12376622400162736],
 [200, 5, 1, 0.11000220903717646, 1.3834211675059818, 0.3709407852678811],
 [200, 6, 0.01, 0.12442198847411823, 0.1265216708784026, 0.13076269453952813],
 [200, 6, 0.1, 0.12140777748751963, 0.1384025963698236, 0.1277889344141346],
 [200, 6, 1, 0.12349672276347992, 2.0036453131978895, 2.8993505172045713],
 [200, 7, 0.01, 0.1334974474048208, 0.136844379628759, 0.14587998738459176],
 [200, 7, 0.1, 0.12672261496254508, 0.16015881416973704, 0.14712808060650162],
 [200, 7, 1, 0.1314831068887186, 1.3321760539381056, 2.0334378381664906],
 [200, 8, 0.01, 0.13223207447393678, 0.14071089712196172, 0.12802568667916578],
 [200, 8, 0.1, 0.13481332724380823, 0.15420081004482095, 0.14708359253171768],
 [200, 8, 1, 0.13771066110230537, 2.0977786567229466, 0.3731864862527255],
 [200, 9, 0.01, 0.13790925232330647, 0.13868448067672332, 0.13784609397050612],
 [200, 9, 0.1, 0.13884447572288483, 0.1617269695106161, 0.15464332925260837],
 [200, 9, 1, 0.13808787233672756, 2.3193999466033453, 2.0816588838850896],
 [200, 10, 0.01, 0.13539384061248136, 0.1405969798392765, 0.13694283760240575],
 [200, 10, 0.1, 0.1317683559049301, 0.16250487354778653, 0.14641843020209197],
 [200, 10, 1, 0.13545867825202956, 1.1742232045625371, 0.1689638366362799],
 [200, 11, 0.01, 0.12774170554941763, 0.13530178168525564, 0.1299150213458217],
 [200, 11, 0.1, 0.128483500744489, 0.1467155655064744, 0.1540373971020174],
 [200, 11, 1, 0.12911176598300939, 2.6717267195344157, 0.1449869716383722],
 [200, 12, 0.01, 0.12302363737354294, 0.12835254492392822, 0.12747040740922166],
 [200, 12, 0.1, 0.1242155558804052, 0.1546055490423579, 0.1516720563169253],
 [200, 12, 1, 0.12702781812225486, 2.0728078720816514, 0.13095191773613948],
 [200, 13, 0.01, 0.11800290524560539, 0.12322120236722503, 0.12209153936602968],
 [200, 13, 0.1, 0.1207751002007135, 0.14198719413050914, 0.1826780560878015],
 [200, 13, 1, 0.11664578275823964, 2.167230478783983, 0.3081446090068101],
 [200, 14, 0.01, 0.1121799586715134, 0.11934246957844467, 0.11478803493254272],
 [200, 14, 0.1, 0.11183016296232248, 0.12900586145444118, 0.10948203399057191],
 [200, 14, 1, 0.11287934299056239, 2.006392280382051, 0.12175707144149127],
 [200, 15, 0.01, 0.10715664119684469, 0.11151550463194201, 0.11034220385161372],
 [200, 15, 0.1, 0.11013754527978299, 0.1354647490802176, 0.1608901134851885],
 [200, 15, 1, 0.10804112363253397, 2.017965721759338, 2.455870905207898],
 [200, 16, 0.01, 0.10478753697264136, 0.10985773745270297, 0.10616829509128264],
 [200, 16, 0.1, 0.10318737743438051, 0.12560696592453122, 0.10777560882193886],
 [200, 16, 1, 0.10643089436814893, 2.550749922614274, 0.18209304556563827],
 [200, 17, 0.01, 0.10072455809324292, 0.1060328871964716, 0.10112797302299247],
 [200, 17, 0.1, 0.10077665461444277, 0.12243090119804093, 0.10854373651201324],
 [200, 17, 1, 0.09999312196694805, 4.057006753204241, 1.0222142010691198],
 [200, 18, 0.01, 0.0984917579230157, 0.10275050753345023, 0.0999395279272528],
 [200, 18, 0.1, 0.1004052140215164, 0.11749008188271562, 0.13721270988983414],
 [200, 18, 1, 0.09724171382647517, 1.356348143377282, 0.572823574602684],
 [200, 19, 0.01, 0.09424597809341004, 0.09650307277367218, 0.09678881822760001],
 [200, 19, 0.1, 0.09660928533761862, 0.12647154907913363, 0.13214772042423145],
 [200, 19, 1, 0.09905000399580052, 1.608112185454545, 4.0985103625433785],
 [200, 20, 0.01, 0.09341688455333239, 0.09743270210546277, 0.09599151144765691],
 [200, 20, 0.1, 0.09472770289497703, 0.11269475217632412, 0.10138842234849597],
 [200, 20, 1, 0.09528518558980999, 1.5086181641150582, 3.3805139025903705]]
