[[2, 0, 0.01, 0.007476002428287084, 0.8089169092823595, 0.8287857961303722],
 [2, 0, 0.1, 0.8399495701521192, 0.5053412828333811, 0.514026948215207],
 [2, 0, 1, 0.35705413534983155, 3.35316885064995, 5.683051673237259],
 [2, 1, 0.01, 0.01121895482431804, 1.4026247373313705, 1.473188082040526],
 [2, 1, 0.1, 0.0002688061075244749, 1.15696294972287, 1.7266132942633996],
 [2, 1, 1, 0.0004012427808873547, 4.649607429230342, 1.3855742598803151],
 [2, 2, 0.01, 0.0016906330924349056, 1.7323462110210806, 1.7220026056214768],
 [2, 2, 0.1, 0.012652249919702072, 0.9432408077663545, 1.2280915794371112],
 [2, 2, 1, 0.0002779104134493011, 2.6691365111940164, 0.9844907468081475],
 [2, 3, 0.01, 0.0031095185025686277, 0.7990519750278465, 0.8101798430066139],
 [2, 3, 0.1, 3.83996002200525e-06, 0.6227879451611874, 0.781722747161715],
 [2, 3, 1, 0.05458573583454013, 4.747656532716696, 2.688172241758504],
 [2, 4, 0.01, 2.799962721041142e-13, 0.7110355141944791, 0.8377828056152852],
 [2, 4, 0.1, 1.5407439555097887e-31, 0.856755082682841, 0.9977351014301099],
 [2, 4, 1, 2.5026968438139113e-24, 3.7677544713784408, 0.6292312425790655],
 [2, 5, 0.01, 0.02748033471581874, 5.32320119956901, 5.186604598752563],
 [2, 5, 0.1, 3.7121061697465295e-10, 1.037246763737221, 0.9253201784188756],
 [2, 5, 1, 0.0027821585018631134, 1.2807405998702484, 0.4487180840408436],
 [2, 6, 0.01, 0.00015252822213509523, 1.2576943314837261, 1.1654261446291156],
 [2, 6, 0.1, 0.00020734805437782147, 1.9676497537740667, 1.7859031758822788],
 [2, 6, 1, 0.029555863225442618, 7.95136757838954, 18.617058389365617],
 [2, 7, 0.01, 0.012094368028458875, 2.7167853132537765, 3.0381371566796096],
 [2, 7, 0.1, 7.414679809188349e-05, 0.9148709351146084, 0.842458020993055],
 [2, 7, 1, 3.635801666033678e-15, 1.6776935510755386, 2.4914832223224925],
 [2, 8, 0.01, 0.022034042894115004, 5.465918517462962, 5.401588928398271],
 [2, 8, 0.1, 1.5952662466112532e-06, 5.765962867860718, 5.869015782791309],
 [2, 8, 1, 0.004633194950411307, 9.98029855290597, 8.868551266284577],
 [2, 9, 0.01, 1.331047470569742e-26, 1.1365762097894534, 1.159178416796904],
 [2, 9, 0.1, 8.544538388155452e-12, 1.0691996409490732, 1.0628898714761656],
 [2, 9, 1, 1.4090659840836795e-06, 4.664219034937284, 3.465440082714777],
 [2, 10, 0.01, 8.092297024047371e-07, 1.3767579405102837, 1.3973610299813957],
 [2, 10, 0.1, 3.0675554006509915e-06, 1.0335561218688953, 1.1791807043405305],
 [2, 10, 1, 0.019124783497431505, 0.9865643265933451, 7.249981521970916],
 [2, 11, 0.01, 2.1932137499575547e-24, 0.8593091955225616, 0.8687004760849234],
 [2, 11, 0.1, 0.0034064480849365854, 0.4051581731267044, 0.44010222759056716],
 [2, 11, 1, 3.0665910032913284e-11, 3.0585265698556143, 5.82562650394796],
 [2, 12, 0.01, 3.019858152799186e-31, 0.838807883497923, 0.789181330997934],
 [2, 12, 0.1, 0.0027192718166864365, 0.6601712435411027, 0.7241811515921515],
 [2, 12, 1, 3.893113962962004e-07, 2.9280147757924126, 3.1620838028270057],
 [2, 13, 0.01, 2.8354262102174332e-15, 0.9339369352390219, 0.9376458581649678],
 [2, 13, 0.1, 2.5653416945378813e-05, 0.6066722772277776, 1.0882905912916707],
 [2, 13, 1, 1.996804166340686e-30, 4.521396802163083, 3.3729323739790003],
 [2, 14, 0.01, 2.622935819695743e-05, 5.439196187585979, 5.811786171540476],
 [2, 14, 0.1, 2.9713259068501327e-07, 0.5937256679298388, 0.5774072185064832],
 [2, 14, 1, 0.0009450145852827885, 1.1612131286562233, 8.063994832227134],
 [2, 15, 0.01, 0.0, 0.6263904533482844, 0.6822618067453389],
 [2, 15, 0.1, 1.022668368940077e-11, 0.7586448736538606, 0.8667728203239543],
 [2, 15, 1, 0.03961614538225424, 4.529681359176953, 3.832762352976756],
 [2, 16, 0.01, 0.0002058130894146732, 1.275971040554829, 1.2969642190327988],
 [2, 16, 0.1, 4.125178844735296e-07, 5.5598875071070974, 5.382307652519686],
 [2, 16, 1, 0.005623403618779145, 1.077785155069282, 4.277485201371103],
 [2, 17, 0.01, 1.6175851558356158e-06, 5.3335013056933755, 5.607928883714508],
 [2, 17, 0.1, 3.576333861088202e-24, 0.8651379179969689, 0.7675274099731356],
 [2, 17, 1, 0.017582028031768244, 4.917519741506722, 22.28942939828626],
 [2, 18, 0.01, 0.00012287314705352736, 2.1413256329576416, 2.1385007519414936],
 [2, 18, 0.1, 0.001306389987291991, 0.9867171215630042, 1.317030197802326],
 [2, 18, 1, 0.0033133501962801836, 12.205880228020932, 15.600546370218979],
 [2, 19, 0.01, 2.5515892821976495e-05, 1.282383106731554, 1.3966319234189335],
 [2, 19, 0.1, 1.9324253241782812e-05, 0.9348895850634732, 0.8867101645252343],
 [2, 19, 1, 2.383369763809152e-12, 0.7913821542376127, 1.7649792929283368],
 [2, 20, 0.01, 4.4508470087009807e-08, 1.055568370572294, 1.1199775816691162],
 [2, 20, 0.1, 4.4526702833397965e-12, 0.5349918897632286, 0.5280977870290919],
 [2, 20, 1, 0.00023997846141326603, 3.5603034933718964, 3.9481423059568668],
 [5, 0, 0.01, 0.545968886017383, 0.49326586523042126, 0.5352602574450054],
 [5, 0, 0.1, 0.43273214749028677, 0.5893165674622811, 0.6138443642909678],
 [5, 0, 1, 0.5604244505489058, 1.1418297243479985, 1.2144393266466165],
 [5, 1, 0.01, 0.35038096063152163, 0.5232375935362916, 0.5295109324495453],
 [5, 1, 0.1, 0.12460520232724197, 1.2677189005328766, 1.385055568300162],
 [5, 1, 1, 0.12755103214461808, 1.382432294329156, 12.43832028519948],
 [5, 2, 0.01, 0.05304926577503016, 2.108530741242203, 2.304363967348981],
 [5, 2, 0.1, 0.22969313393328492, 0.38073472880001996, 0.3872958343934104],
 [5, 2, 1, 0.27489258002798644, 0.3531581192700953, 0.8861753684396766],
 [5, 3, 0.01, 0.10282382627859668, 1.103637156411955, 1.0684577703941145],
 [5, 3, 0.1, 0.09148022814138021, 0.809805624094101, 0.8614549001370131],
 [5, 3, 1, 0.07232570499072606, 1.954015503056093, 4.102133675595465],
 [5, 4, 0.01, 0.1068069775049832, 0.1654294658678661, 0.1648927698171037],
 [5, 4, 0.1, 0.052504889189163725, 0.2465964131107783, 0.2580706463616032],
 [5, 4, 1, 0.09129490184623859, 4.293409743546993, 4.944429479882001],
 [5, 5, 0.01, 0.06264894710842758, 0.11747596411378038, 0.10466214702460654],
 [5, 5, 0.1, 0.08029227985801328, 0.19161992165738156, 0.1820966680499911],
 [5, 5, 1, 0.08299598719860732, 2.016255575262879, 2.8824809777504896],
 [5, 6, 0.01, 0.0642767009688881, 0.47459239826333066, 0.5167065582007292],
 [5, 6, 0.1, 0.099145616367049, 0.2510817001232993, 0.24972533444137504],
 [5, 6, 1, 0.03425262945239991, 0.8739048903329462, 5.088004432688261],
 [5, 7, 0.01, 0.11518092424891117, 0.17283969332856627, 0.16609622667434967],
 [5, 7, 0.1, 0.07633245024366109, 0.32296376622296236, 0.4086333601714625],
 [5, 7, 1, 0.013403999810259309, 7.855196892625832, 2.157122250667642],
 [5, 8, 0.01, 0.06077823637244295, 0.3884865858157106, 0.34389810755879097],
 [5, 8, 0.1, 0.016399082797606317, 3.4985256917805474, 4.216427451618523],
 [5, 8, 1, 0.04665129064853256, 2.212022927097218, 0.2259229497474118],
 [5, 9, 0.01, 0.11021311970160341, 0.28223296724021446, 0.303074571374847],
 [5, 9, 0.1, 0.007469030841802594, 0.4543503941571491, 0.5291386630434602],
 [5, 9, 1, 0.040011190368610554, 2.100466869951569, 2.6724435879487802],
 [5, 10, 0.01, 0.12164696441129016, 0.13882918951499326, 0.12913004883129775],
 [5, 10, 0.1, 0.057338355754513494, 0.2260084990597218, 0.2182004112764542],
 [5, 10, 1, 0.07203158092737466, 0.501790447629485, 0.8443837013465777],
 [5, 11, 0.01, 0.010434076698315774, 1.0130178853178322, 0.9194967034178433],
 [5, 11, 0.1, 0.1812000086475186, 0.168956300730081, 0.18611990149653385],
 [5, 11, 1, 0.07207657425416268, 0.5966034540442609, 2.1318277409723843],
 [5, 12, 0.01, 0.018479150299318535, 6.270038980152938, 6.338805363239907],
 [5, 12, 0.1, 0.04240758430828888, 1.0553609605818008, 0.8715113958918013],
 [5, 12, 1, 0.13197696753662802, 3.132795196653817, 6.231383606531977],
 [5, 13, 0.01, 0.004979225778977215, 0.34416031742234643, 0.35843100847062886],
 [5, 13, 0.1, 0.11813061759914696, 0.3888465310448095, 0.5617721179043527],
 [5, 13, 1, 0.025723304528054453, 3.0364429257726466, 1.9979546977870553],
 [5, 14, 0.01, 0.015968063992688717, 0.3906447567045347, 0.42857652869160756],
 [5, 14, 0.1, 0.023378816659791746, 0.7684681370322929, 0.9464609509757561],
 [5, 14, 1, 0.05679846081338241, 0.31683589177770694, 0.3440792318439406],
 [5, 15, 0.01, 0.012045465102948662, 1.5031162539191962, 1.5067310432020664],
 [5, 15, 0.1, 0.13930935579695297, 0.16610453596106428, 0.166026173367392],
 [5, 15, 1, 0.10298768766575475, 0.5050609123441261, 0.546104713287638],
 [5, 16, 0.01, 0.0025004936594390462, 0.8240714675793804, 0.7694476799034963],
 [5, 16, 0.1, 0.11024746250423285, 0.6496451690717, 0.534768578756115],
 [5, 16, 1, 0.009042092465772034, 2.251122927936847, 0.48092490077682276],
 [5, 17, 0.01, 0.07851700495237252, 0.48505570682881627, 0.3994039600141612],
 [5, 17, 0.1, 0.11448022937669025, 0.2715080961674374, 0.27569155996614064],
 [5, 17, 1, 0.03924756621740202, 2.9261932763388967, 6.066300176756161],
 [5, 18, 0.01, 0.05141520070972686, 0.17786410373633255, 0.17453465889005743],
 [5, 18, 0.1, 0.043111770028507954, 0.47557979306007203, 0.5149180570704116],
 [5, 18, 1, 0.06401804345586037, 0.7541201798904121, 4.9776769847796905],
 [5, 19, 0.01, 0.07590959115888825, 0.5171557830458313, 0.5445801349442108],
 [5, 19, 0.1, 0.10692840754452945, 0.3356247037782778, 0.32220889626756954],
 [5, 19, 1, 0.088835223585202, 1.049139053961661, 0.6852437270543729],
 [5, 20, 0.01, 0.049047616341229734, 0.6631109796779534, 0.6960584234389156],
 [5, 20, 0.1, 0.05613491128708796, 1.0524566883671578, 1.0991058993335039],
 [5, 20, 1, 0.101691184763768, 2.699165727799807, 0.419007786365436],
 [10, 0, 0.01, 0.3335509614126702, 0.5082748058258444, 0.5062684458110739],
 [10, 0, 0.1, 0.4292813881485637, 0.573745862197319, 0.5305412306821462],
 [10, 0, 1, 0.6426727854958942, 1.4622310110003336, 0.8738301054820976],
 [10, 1, 0.01, 0.275886705945393, 0.8120208609197015, 0.7887830488888983],
 [10, 1, 0.1, 0.4447547467596996, 0.5742879482001068, 0.663057073557697],
 [10, 1, 1, 0.45747323521022504, 6.1302400007034175, 0.9445526952133817],
 [10, 2, 0.01, 0.2386391314610162, 0.3765779222236403, 0.38337104401517286],
 [10, 2, 0.1, 0.11260922103077146, 1.0374428701494303, 0.9371800860093785],
 [10, 2, 1, 0.18627167317711385, 0.5778971678953498, 0.41217360987154056],
 [10, 3, 0.01, 0.10829937115026869, 0.15422339202651955, 0.16138105657656315],
 [10, 3, 0.1, 0.20244398606739084, 0.31287581807566467, 0.2805323446230437],
 [10, 3, 1, 0.13539756827966287, 0.1967497954088563, 0.4666406413823784],
 [10, 4, 0.01, 0.1069375570390213, 0.2216160162570518, 0.2274703547506716],
 [10, 4, 0.1, 0.1680154229249358, 0.3612961991254767, 0.320016564152043],
 [10, 4, 1, 0.09607076124558302, 8.536597545363941, 9.55828062451166],
 [10, 5, 0.01, 0.07795670565350216, 0.2487698811796762, 0.2475655862973387],
 [10, 5, 0.1, 0.12572212301685895, 0.13381707556771155, 0.12379026009977573],
 [10, 5, 1, 0.08354969977271542, 0.18940808285055802, 0.18313347584060136],
 [10, 6, 0.01, 0.12601323868555425, 0.20096312732190702, 0.1866894779615284],
 [10, 6, 0.1, 0.028389800362199225, 0.20081441855466756, 0.17888800419982137],
 [10, 6, 1, 0.09827002897208974, 0.29218993183387376, 0.25703825275475095],
 [10, 7, 0.01, 0.08286547992389119, 0.1786617169107139, 0.17189606627637838],
 [10, 7, 0.1, 0.03786782872576201, 0.19203272496525434, 0.1770707852603739],
 [10, 7, 1, 0.042037501096946886, 0.5548372400171463, 0.5374561566658402],
 [10, 8, 0.01, 0.0637597727320227, 0.20929809119237766, 0.22092434014551557],
 [10, 8, 0.1, 0.05147265081248605, 0.32370667372611395, 0.2513786114221669],
 [10, 8, 1, 0.06636789807161164, 0.3286577987915933, 2.5942999115877323],
 [10, 9, 0.01, 0.1006109538238614, 0.3143004458318261, 0.296668122592233],
 [10, 9, 0.1, 0.06265307935813876, 0.2567703864158785, 0.2252696800020635],
 [10, 9, 1, 0.0857645841810748, 12.188861120209037, 1.150184834618826],
 [10, 10, 0.01, 0.006668120161035504, 1.2231639221912163, 1.2754132397586602],
 [10, 10, 0.1, 0.12497778447607608, 0.16758965973696874, 0.21160080084556873],
 [10, 10, 1, 0.16554808467953647, 3.499354531081685, 0.2074643646502314],
 [10, 11, 0.01, 0.10832695968107757, 0.3008321108461731, 0.27586252176902865],
 [10, 11, 0.1, 0.06357395182458504, 0.3779248054330228, 0.40010950282853813],
 [10, 11, 1, 0.10935233633895747, 3.1422829108989263, 4.196991521532087],
 [10, 12, 0.01, 0.09882225823373254, 0.4351324296197447, 0.45693573588051045],
 [10, 12, 0.1, 0.0844338567492396, 0.19696009187273475, 0.19495415104982086],
 [10, 12, 1, 0.10243913069761831, 2.7701746833938357, 0.5205498377873825],
 [10, 13, 0.01, 0.11087157416269047, 0.12539343017538543, 0.11950170803165217],
 [10, 13, 0.1, 0.10142428855300752, 0.08754616828753621, 0.10501189726435661],
 [10, 13, 1, 0.05911053885546991, 16.758446453110306, 6.729417797109898],
 [10, 14, 0.01, 0.08346274006160108, 0.5061523833729455, 0.5494962340865444],
 [10, 14, 0.1, 0.12503399155925182, 0.4667676162393355, 0.24266909005462683],
 [10, 14, 1, 0.13962764458762894, 0.12039708601815739, 0.1773351025329205],
 [10, 15, 0.01, 0.09744403423861152, 0.40456914096782565, 0.45720347204018885],
 [10, 15, 0.1, 0.09672940479065056, 0.4558069492108, 0.3923323165369197],
 [10, 15, 1, 0.10291642241862849, 2.235181342731418, 0.6882701673338738],
 [10, 16, 0.01, 0.1313078447651125, 0.19763892443839037, 0.19206965161702602],
 [10, 16, 0.1, 0.11309210622485107, 0.1597714711218196, 0.15286170085382253],
 [10, 16, 1, 0.07096934625862385, 0.12740336228599333, 0.4423359549829135],
 [10, 17, 0.01, 0.07898283430399254, 0.3084872898984945, 0.30862232954962865],
 [10, 17, 0.1, 0.105237762570856, 0.15257191124661323, 0.16008148694588026],
 [10, 17, 1, 0.11070562978927612, 0.15700078300043063, 1.8925460119675215],
 [10, 18, 0.01, 0.09573537206409496, 0.11967098830346731, 0.12391338555481331],
 [10, 18, 0.1, 0.09298375380968141, 0.1854137544534978, 0.14952621978240282],
 [10, 18, 1, 0.10105703062352803, 2.0251444065509525, 3.6008932349223137],
 [10, 19, 0.01, 0.0746204490170474, 0.3760029400561025, 0.4261889354960962],
 [10, 19, 0.1, 0.10355315755616597, 0.44163276196570594, 0.4896442123801651],
 [10, 19, 1, 0.041978840256711634, 0.5615012361303103, 2.423176437928758],
 [10, 20, 0.01, 0.07153612324776956, 0.08165099440655729, 0.0818932157047925],
 [10, 20, 0.1, 0.12925461232949914, 0.20267483552080529, 0.2659758345259718],
 [10, 20, 1, 0.07809103300490822, 1.0533112514829712, 2.289291842204493],
 [20, 0, 0.01, 0.6098939851823151, 0.5137656331562456, 0.5106603618873145],
 [20, 0, 0.1, 0.4525604444608663, 0.5277301937975771, 0.5000495945722798],
 [20, 0, 1, 0.2908291706134355, 5.132484061147367, 2.2183331350134963],
 [20, 1, 0.01, 0.5041910860936865, 0.4897706947784551, 0.4992671042066314],
 [20, 1, 0.1, 0.5528047515281191, 0.5425415919445226, 0.5263770726095611],
 [20, 1, 1, 0.2781289226270519, 1.2661262031095402, 8.097774179094671],
 [20, 2, 0.01, 0.3096430235909274, 0.38801284640657036, 0.3943572423014805],
 [20, 2, 0.1, 0.25394256365063284, 0.36087663792398916, 0.37466751169954904],
 [20, 2, 1, 0.3318441037500685, 14.047296342490812, 9.5211770528838],
 [20, 3, 0.01, 0.14278211913858402, 0.1418426454714024, 0.137495535381499],
 [20, 3, 0.1, 0.1398222032322043, 0.2212426773890475, 0.17463922783034871],
 [20, 3, 1, 0.18351401206414386, 2.7075956607054867, 0.32771004736135406],
 [20, 4, 0.01, 0.1223564669456686, 0.08962273874440468, 0.0912473703684711],
 [20, 4, 0.1, 0.11109994805053999, 0.13702231595373435, 0.12734670128597167],
 [20, 4, 1, 0.08896698228670363, 4.376495174455084, 0.5398469191879427],
 [20, 5, 0.01, 0.1189891370874174, 0.15132690372880941, 0.15692728718497279],
 [20, 5, 0.1, 0.1342091413431242, 0.1244118671602792, 0.22382165004645246],
 [20, 5, 1, 0.1380749252623122, 3.0541302369798458, 1.1325860358356052],
 [20, 6, 0.01, 0.09239358029122192, 0.12326141450648181, 0.13797601601397627],
 [20, 6, 0.1, 0.10175740845968015, 0.14104656529473286, 0.14493462275045071],
 [20, 6, 1, 0.06176168531291758, 7.674293313997221, 10.564833833721105],
 [20, 7, 0.01, 0.11462075049399363, 0.13643389200786477, 0.14022607645243787],
 [20, 7, 0.1, 0.12999315372293269, 0.1549271090795349, 0.16756406637662058],
 [20, 7, 1, 0.13355503909430952, 1.2392114859271304, 0.872670872645427],
 [20, 8, 0.01, 0.11772955553701855, 0.15872313593013287, 0.15602204410205914],
 [20, 8, 0.1, 0.12182974052402822, 0.1995597290302119, 0.17399768359123632],
 [20, 8, 1, 0.10854158072491707, 1.3389222266789245, 0.633496548414487],
 [20, 9, 0.01, 0.11363483799942771, 0.2138730303637426, 0.20775333745540403],
 [20, 9, 0.1, 0.1218596892447574, 0.14235240431440768, 0.146207009224206],
 [20, 9, 1, 0.1079942239649985, 2.1325506946726955, 3.2481748811297635],
 [20, 10, 0.01, 0.14617926458826247, 0.16929827914855233, 0.16445172474928837],
 [20, 10, 0.1, 0.14375444270724796, 0.1567832816683319, 0.15591664088140678],
 [20, 10, 1, 0.11686200641545097, 0.6449605696101061, 0.7933482312815799],
 [20, 11, 0.01, 0.14018121992820345, 0.19435382855987454, 0.18789127252458188],
 [20, 11, 0.1, 0.07229027288393712, 0.26873473079099347, 0.34335473188619864],
 [20, 11, 1, 0.138764326057141, 0.5231879539955989, 0.46953955327462904],
 [20, 12, 0.01, 0.13177932738397988, 0.1836278293777905, 0.18370408450743653],
 [20, 12, 0.1, 0.11649014714884505, 0.17350914511070215, 0.17705798351313498],
 [20, 12, 1, 0.1141147353600422, 10.354654688946045, 0.3157183611229913],
 [20, 13, 0.01, 0.11026154911208372, 0.4337774020906006, 0.47409767402189806],
 [20, 13, 0.1, 0.11585641506655728, 0.15076597014568682, 0.15500050938473808],
 [20, 13, 1, 0.07808261298135016, 1.5788117813144513, 0.7809858219638613],
 [20, 14, 0.01, 0.0716231963971932, 0.7369878102794634, 0.649022384073675],
 [20, 14, 0.1, 0.10781870133384412, 0.30405731599152896, 0.4314772857840767],
 [20, 14, 1, 0.10310556746950464, 0.40570765104168205, 0.23994544615703664],
 [20, 15, 0.01, 0.10190041193570878, 0.111615432980972, 0.10824802420976501],
 [20, 15, 0.1, 0.11875102815576981, 0.117427504023134, 0.11723690995546272],
 [20, 15, 1, 0.10068093186150066, 2.9575128046205115, 0.40233301743611416],
 [20, 16, 0.01, 0.11953772058883749, 0.18117893588191972, 0.18581891895478578],
 [20, 16, 0.1, 0.11248037607007166, 0.2503312284970583, 0.22451720123431132],
 [20, 16, 1, 0.07483798559042819, 5.709658202299734, 5.09445567871292],
 [20, 17, 0.01, 0.09683968305664883, 0.13472004687941988, 0.13152969329264105],
 [20, 17, 0.1, 0.09186510422597201, 0.3409179167760072, 0.36272426558782545],
 [20, 17, 1, 0.1223723278693454, 3.1445567702310746, 8.138984413683575],
 [20, 18, 0.01, 0.10243970951999248, 0.10443333209799714, 0.10526703905468404],
 [20, 18, 0.1, 0.09742918768286479, 0.11298771357181085, 0.10779654387574122],
 [20, 18, 1, 0.10266581271257005, 0.8547741503958268, 5.489019788453206],
 [20, 19, 0.01, 0.11608309404285214, 0.1851808389911692, 0.18337709947349057],
 [20, 19, 0.1, 0.0961552529053225, 0.160759938548909, 0.14451073128969621],
 [20, 19, 1, 0.09063270308067149, 2.083537851158926, 5.8395826874717685],
 [20, 20, 0.01, 0.10334582884773447, 0.13575415025947196, 0.14680012949832505],
 [20, 20, 0.1, 0.08236439138836422, 0.12260213745392126, 0.11919622601271823],
 [20, 20, 1, 0.09451501061631881, 2.1652385533682805, 0.8938971227967953],
 [50, 0, 0.01, 0.4897333815115533, 0.5422301177844921, 0.5246561794660312],
 [50, 0, 0.1, 0.38961313242696216, 0.5427349223140814, 0.5658681851967717],
 [50, 0, 1, 0.49833753642646583, 1.2055525886874037, 0.8788784669468459],
 [50, 1, 0.01, 0.5155953190898942, 0.49768371403266465, 0.48550235357316196],
 [50, 1, 0.1, 0.5250426708081025, 0.5269050877994873, 0.4815880754355115],
 [50, 1, 1, 0.5466332864084056, 3.4157158039463402, 6.8764269846044375],
 [50, 2, 0.01, 0.27921964698784285, 0.2662846160143201, 0.26456832208968833],
 [50, 2, 0.1, 0.28821563405191974, 0.4529020234349487, 0.278220139314609],
 [50, 2, 1, 0.29919698320209887, 3.0120812672574786, 6.823556193850288],
 [50, 3, 0.01, 0.15550163939663242, 0.1472883410947315, 0.15277090023989445],
 [50, 3, 0.1, 0.18742649674273737, 0.1832831555473768, 0.18075083489483498],
 [50, 3, 1, 0.17897299281120518, 0.418934967825093, 0.5200936183907637],
 [50, 4, 0.01, 0.10794366511145714, 0.12366261687204158, 0.12670709110756506],
 [50, 4, 0.1, 0.10930697212495252, 0.13565454978349276, 0.11929433602194367],
 [50, 4, 1, 0.1008187504692856, 1.0614185796695472, 1.4592477501211254],
 [50, 5, 0.01, 0.12514941070974953, 0.13656295849287636, 0.14136923879469135],
 [50, 5, 0.1, 0.08930297566794997, 0.13080956530117377, 0.10557872487973032],
 [50, 5, 1, 0.08891035108707497, 8.293730900903968, 0.21425853542268408],
 [50, 6, 0.01, 0.12321428604757784, 0.11982998030729333, 0.12062048851922509],
 [50, 6, 0.1, 0.11100590854843549, 0.17104362693415542, 0.1679186557215508],
 [50, 6, 1, 0.11861889490273712, 0.5962891805741801, 2.4924868073234743],
 [50, 7, 0.01, 0.11574835486142014, 0.14201266221512104, 0.1411325064934327],
 [50, 7, 0.1, 0.12123682731353749, 0.14644462297406566, 0.14583421847275832],
 [50, 7, 1, 0.1380146619791917, 0.32299101747325537, 0.3837540208957842],
 [50, 8, 0.01, 0.1349523276822799, 0.1550375377671182, 0.15525851202470617],
 [50, 8, 0.1, 0.14968603859453716, 0.14800621014595342, 0.1364993329021937],
 [50, 8, 1, 0.13932082595309195, 3.376872654817137, 2.2294774744686032],
 [50, 9, 0.01, 0.12687715579792197, 0.18717465651418283, 0.1636938716618747],
 [50, 9, 0.1, 0.14511531251927837, 0.1438979394190232, 0.13881800871646605],
 [50, 9, 1, 0.14238596303819992, 0.15659408164653227, 1.0048739337836274],
 [50, 10, 0.01, 0.12649983372208384, 0.17693322010950577, 0.18668000663898468],
 [50, 10, 0.1, 0.13598731005339812, 0.13329144435622442, 0.1453018281961504],
 [50, 10, 1, 0.13699710337665447, 4.027280980968788, 7.446826395942466],
 [50, 11, 0.01, 0.1354105209018675, 0.1562905322728565, 0.1534583079264214],
 [50, 11, 0.1, 0.13698780934049584, 0.15577239528637918, 0.14275705274856945],
 [50, 11, 1, 0.12812617535298287, 1.186540005474023, 3.1397941738802193],
 [50, 12, 0.01, 0.11098620154166391, 0.1538207478121038, 0.15678527712965437],
 [50, 12, 0.1, 0.11663180987135839, 0.16231879227065552, 0.18727347761621624],
 [50, 12, 1, 0.12289791556056301, 0.13005204733763084, 2.1850830702024826],
 [50, 13, 0.01, 0.12500041084213534, 0.12794346844597643, 0.1270500460597373],
 [50, 13, 0.1, 0.1228750449089752, 0.15557491293120204, 0.18225666680776384],
 [50, 13, 1, 0.11893431360608121, 3.621953006447457, 3.3460995181646873],
 [50, 14, 0.01, 0.11610988992873189, 0.1307860993166385, 0.142804575556605],
 [50, 14, 0.1, 0.10450742086914987, 0.1079815855118051, 0.10040646337612301],
 [50, 14, 1, 0.1309815436717241, 0.14596543609557908, 2.353329463285099],
 [50, 15, 0.01, 0.10626854094599614, 0.19604741078243573, 0.20453824367084544],
 [50, 15, 0.1, 0.10255467423875485, 0.12903841651405146, 0.16545231287415638],
 [50, 15, 1, 0.10199391794161665, 1.7645981612138055, 0.14287695518376292],
 [50, 16, 0.01, 0.10697865470374285, 0.1090280822532654, 0.11063360766102812],
 [50, 16, 0.1, 0.08600849418356595, 0.21375608058522905, 0.12167022082461884],
 [50, 16, 1, 0.09208046980199328, 9.59132565666067, 6.220392182152899],
 [50, 17, 0.01, 0.09152512742995919, 0.1083615742223594, 0.10817674273959801],
 [50, 17, 0.1, 0.09703563652865115, 0.11383808709772385, 0.10114134766100182],
 [50, 17, 1, 0.11531502931552001, 1.190070744816333, 0.7864783503740508],
 [50, 18, 0.01, 0.11384218271233681, 0.18451863400146526, 0.16954773030162879],
 [50, 18, 0.1, 0.10282970594728028, 0.1557110739780635, 0.12406894713818134],
 [50, 18, 1, 0.11507314232467403, 0.6570843263268344, 5.431203474707896],
 [50, 19, 0.01, 0.08800182434750001, 0.10115793406340348, 0.10131142327143476],
 [50, 19, 0.1, 0.10278666506887463, 0.17408438675737056, 0.19874560392548923],
 [50, 19, 1, 0.09892554815910425, 5.213189892964776, 2.375671848759384],
 [50, 20, 0.01, 0.09552723275350088, 0.08760029649022476, 0.09006131333496278],
 [50, 20, 0.1, 0.08996615453650389, 0.4749792804772144, 0.5970760269868794],
 [50, 20, 1, 0.08794224124313525, 0.13801222378171704, 0.1795915503569832],
 [100, 0, 0.01, 0.5262997076890931, 0.5071769644896664, 0.5130639654387354],
 [100, 0, 0.1, 0.5225374972321227, 0.5268603410343878, 0.5344558416395709],
 [100, 0, 1, 0.44114221111297475, 1.1480770926714672, 1.3354422555676333],
 [100, 1, 0.01, 0.4400484719188041, 0.5147911766190993, 0.4939324113028126],
 [100, 1, 0.1, 0.48838297597898006, 0.5756552639767841, 0.5033409790560603],
 [100, 1, 1, 0.538643925048377, 0.6059271791982966, 2.7363376034152425],
 [100, 2, 0.01, 0.30276252855894537, 0.30087453052115803, 0.28752688707637775],
 [100, 2, 0.1, 0.32870230753965296, 0.3307331196795634, 0.3955579712935138],
 [100, 2, 1, 0.2953860548764676, 0.33416665933134115, 0.28989933995434086],
 [100, 3, 0.01, 0.16123156452780685, 0.17397866793218245, 0.1636289327533259],
 [100, 3, 0.1, 0.14897862977837692, 0.2411802651512068, 0.25166965090100335],
 [100, 3, 1, 0.1548109408541905, 0.48974290521678887, 0.3882349322429003],
 [100, 4, 0.01, 0.11856037458119166, 0.12464844592048789, 0.12541560028094095],
 [100, 4, 0.1, 0.10596076895284016, 0.10715567316792302, 0.1110580784229534],
 [100, 4, 1, 0.1263960534637508, 0.12850411317629226, 1.4375172723061231],
 [100, 5, 0.01, 0.10607569160715419, 0.10834391773405624, 0.11121912485985785],
 [100, 5, 0.1, 0.1038797297210392, 0.12512441800624652, 0.112010429541931],
 [100, 5, 1, 0.09828042691261123, 1.6196002874612296, 0.7356782847658397],
 [100, 6, 0.01, 0.08594044353232289, 0.14378519095422776, 0.14125116356224385],
 [100, 6, 0.1, 0.12577495733904767, 0.12840013495079636, 0.13483323707487227],
 [100, 6, 1, 0.1268811558915129, 0.2105252024151013, 0.7791467117733748],
 [100, 7, 0.01, 0.14300825248088775, 0.13940298568857917, 0.13651862658157363],
 [100, 7, 0.1, 0.13114124284864437, 0.18815630970207248, 0.16349310894568372],
 [100, 7, 1, 0.12380749089763907, 0.21552946375375392, 5.64848417709842],
 [100, 8, 0.01, 0.13738339624294382, 0.15731028449223317, 0.16542703008446485],
 [100, 8, 0.1, 0.13316175199628524, 0.16692886903294482, 0.19068974188864934],
 [100, 8, 1, 0.13448863810584216, 6.047058394888729, 4.843104312556249],
 [100, 9, 0.01, 0.13750016473875556, 0.13518644573412336, 0.1350657577207116],
 [100, 9, 0.1, 0.14653960778430794, 0.13635521072044396, 0.1790886212401533],
 [100, 9, 1, 0.1293758304114691, 0.16637776937873555, 8.995896903354323],
 [100, 10, 0.01, 0.14175509969914699, 0.14377652837541363, 0.13340837605243894],
 [100, 10, 0.1, 0.13784387282943927, 0.14530754314416125, 0.14161210450271464],
 [100, 10, 1, 0.13254223807114665, 0.4953010292126315, 6.2681728246411],
 [100, 11, 0.01, 0.12686721402379106, 0.12761230567562842, 0.1263764307210008],
 [100, 11, 0.1, 0.1299412208500855, 0.1420195312472923, 0.15977176619069533],
 [100, 11, 1, 0.13242330520925236, 0.20315311648321235, 4.23441872383155],
 [100, 12, 0.01, 0.1283635485703913, 0.13862857063617975, 0.13849623413182777],
 [100, 12, 0.1, 0.12134721694353144, 0.13702075590538346, 0.12918876276006863],
 [100, 12, 1, 0.11804450766726082, 2.9762361651434346, 3.103515715202009],
 [100, 13, 0.01, 0.10840792126233888, 0.11989222518977427, 0.11616088383252104],
 [100, 13, 0.1, 0.1090012033429753, 0.12074262247491466, 0.18046970396242315],
 [100, 13, 1, 0.11551466453252676, 0.8624618519857439, 3.6720538389146427],
 [100, 14, 0.01, 0.10713167210572058, 0.11746718251493594, 0.11949473305281015],
 [100, 14, 0.1, 0.11219304355218197, 0.11156597772040204, 0.10597636159329306],
 [100, 14, 1, 0.10585687871563651, 3.5308750279750862, 5.200563019086733],
 [100, 15, 0.01, 0.11422042552262882, 0.11368397199293905, 0.11684944171739822],
 [100, 15, 0.1, 0.11297571017161609, 0.22165550787654564, 0.26772005972231383],
 [100, 15, 1, 0.10973461915633116, 1.1143378331003764, 0.3253315931166017],
 [100, 16, 0.01, 0.1230639107260211, 0.13140836211916057, 0.12849811076967893],
 [100, 16, 0.1, 0.11225692477232069, 0.10655305696711477, 0.15498350919578815],
 [100, 16, 1, 0.09869569391800283, 1.6570804116964601, 1.2769538318347595],
 [100, 17, 0.01, 0.09909627663530327, 0.1081733550753864, 0.10587995529306106],
 [100, 17, 0.1, 0.1000064700187004, 0.12267767704814012, 0.1017550509938824],
 [100, 17, 1, 0.09666547131048352, 1.6192922782537091, 1.1621223947784751],
 [100, 18, 0.01, 0.09873822274100708, 0.11003386060953434, 0.10717762221919558],
 [100, 18, 0.1, 0.08937616828488998, 0.13187307132860893, 0.13182126064563002],
 [100, 18, 1, 0.08757099232837211, 2.7947188118409896, 9.170891356506585],
 [100, 19, 0.01, 0.08805103821752487, 0.08678233095762677, 0.09140540167511424],
 [100, 19, 0.1, 0.09905228294458518, 0.0904612469875371, 0.09609037879051609],
 [100, 19, 1, 0.08732339643302241, 3.2467818759478444, 0.1045189357034177],
 [100, 20, 0.01, 0.10049769412075187, 0.10263020601992696, 0.1084610334758674],
 [100, 20, 0.1, 0.0959691956503171, 0.110426987024703, 0.10439202218001982],
 [100, 20, 1, 0.08197724042271895, 6.279492804388278, 3.4283344223062526],
 [200, 0, 0.01, 0.47677522177650056, 0.5002075823398201, 0.5057421059842602],
 [200, 0, 0.1, 0.4975860491082228, 0.5345412892812222, 0.5948782408682834],
 [200, 0, 1, 0.5068397566700231, 0.508883010416373, 0.5078831520491484],
 [200, 1, 0.01, 0.5026830529459896, 0.49535597801799547, 0.5050282156555255],
 [200, 1, 0.1, 0.481464492385277, 0.5001362001510232, 0.4932577834317295],
 [200, 1, 1, 0.48239777287765917, 0.7060143257659164, 0.776314995493573],
 [200, 2, 0.01, 0.276812446129323, 0.28786496251562327, 0.2859317996335573],
 [200, 2, 0.1, 0.31694628134814873, 0.3218454387815844, 0.32322142988645136],
 [200, 2, 1, 0.28937233113229693, 7.527661159717868, 0.6756369127514543],
 [200, 3, 0.01, 0.17803170568816395, 0.1860234974605847, 0.18092272361233025],
 [200, 3, 0.1, 0.17697844883113162, 0.19322386528928862, 0.1789058550131354],
 [200, 3, 1, 0.1548258346941369, 6.304094296279525, 0.21152145150684076],
 [200, 4, 0.01, 0.10791752356738797, 0.12481351916606274, 0.11961506245242798],
 [200, 4, 0.1, 0.11417682796684742, 0.12059302902425631, 0.12124885817560058],
 [200, 4, 1, 0.11081375391004197, 0.8720452310118939, 0.987382838995395],
 [200, 5, 0.01, 0.11891889717547822, 0.11358448571984742, 0.12145432931760237],
 [200, 5, 0.1, 0.11335368294631173, 0.12868262352466786, 0.10423138631390942],
 [200, 5, 1, 0.11774173756823135, 1.6069569149896217, 3.4004705524344114],
 [200, 6, 0.01, 0.10924326191992276, 0.12361388655975318, 0.11891491459084404],
 [200, 6, 0.1, 0.10507441118741348, 0.15669498642801183, 0.12502721940882902],
 [200, 6, 1, 0.11754930129212449, 0.26020623452651637, 0.7335256276336025],
 [200, 7, 0.01, 0.12187525712380477, 0.1313627752762639, 0.13267861171856415],
 [200, 7, 0.1, 0.14054136047409094, 0.15257771333650663, 0.16713832632930214],
 [200, 7, 1, 0.11836306967868054, 0.16080116006445275, 0.6381767993622669],
 [200, 8, 0.01, 0.1348056977301509, 0.1541403649624206, 0.14775309104822545],
 [200, 8, 0.1, 0.1269873688900945, 0.19285901582086915, 0.20838391951998267],
 [200, 8, 1, 0.125024689723665, 0.707792238158371, 1.7696687378569642],
 [200, 9, 0.01, 0.15354000451418423, 0.15281908774951278, 0.15349332973316446],
 [200, 9, 0.1, 0.12118198431217722, 0.16699890433923137, 0.13507924109601613],
 [200, 9, 1, 0.13629094803349606, 0.3298337040342378, 3.143904214374537],
 [200, 10, 0.01, 0.1279559138159247, 0.122450585795466, 0.1312634282183241],
 [200, 10, 0.1, 0.13746976014660142, 0.1392895689454038, 0.1525758623285576],
 [200, 10, 1, 0.13723544833377738, 1.8870486337215369, 0.14570500094836922],
 [200, 11, 0.01, 0.12041685190050654, 0.12764709579308725, 0.12749939334556773],
 [200, 11, 0.1, 0.12845977221786561, 0.13864996836504045, 0.14795354884896408],
 [200, 11, 1, 0.13076998394409042, 0.49221980216302524, 1.2778917922893323],
 [200, 12, 0.01, 0.131420314297418, 0.1402798342675045, 0.136045939658287],
 [200, 12, 0.1, 0.13168621670560984, 0.12687191997911662, 0.15768928329813384],
 [200, 12, 1, 0.11515148780289623, 1.0996966612963206, 1.3563684547876063],
 [200, 13, 0.01, 0.11783518352305881, 0.1144316706821124, 0.10904926845284667],
 [200, 13, 0.1, 0.12373734284323551, 0.14481673705420245, 0.1691988171179009],
 [200, 13, 1, 0.11556884739775723, 1.8485039302732287, 0.8700981493007968],
 [200, 14, 0.01, 0.11309394889684465, 0.12234825387672116, 0.11404700126432425],
 [200, 14, 0.1, 0.11672523539927518, 0.12303883844576338, 0.12310637044819293],
 [200, 14, 1, 0.11043339335013769, 7.420893341443324, 1.6977612591031643],
 [200, 15, 0.01, 0.1182267596928957, 0.11022774226208222, 0.11254998842954175],
 [200, 15, 0.1, 0.09928305897090788, 0.11634153936628784, 0.11062320902835118],
 [200, 15, 1, 0.09115802007241379, 3.548957486177629, 13.212534282840597],
 [200, 16, 0.01, 0.09514443630327013, 0.10062662808222134, 0.09764144959794976],
 [200, 16, 0.1, 0.10250925382296895, 0.1063327668990482, 0.10638991902965006],
 [200, 16, 1, 0.09467950246814195, 0.13189152026514453, 3.8943106653914756],
 [200, 17, 0.01, 0.10144866839921822, 0.09689185351355051, 0.09913588939131526],
 [200, 17, 0.1, 0.09989128671942109, 0.12099066511244606, 0.1561665775131686],
 [200, 17, 1, 0.09562354858939569, 2.06165147313919, 1.5315245147027516],
 [200, 18, 0.01, 0.09230139954285425, 0.09458855481264683, 0.09388928328407763],
 [200, 18, 0.1, 0.09709753801831511, 0.22292123926204307, 0.1636139612771024],
 [200, 18, 1, 0.10521365692486567, 1.0535594390174023, 1.1408392079283152],
 [200, 19, 0.01, 0.09662261742924916, 0.10036172196682638, 0.10354503865644472],
 [200, 19, 0.1, 0.10221947461013521, 0.11220764071424702, 0.10199739803111446],
 [200, 19, 1, 0.08562460944184708, 1.5050502250139042, 0.9378393296534863],
 [200, 20, 0.01, 0.09467213670431723, 0.10011702622277342, 0.09787232565171251],
 [200, 20, 0.1, 0.09954489554327306, 0.10202850626438238, 0.12981239470806824],
 [200, 20, 1, 0.09674638547330167, 1.1280699498034785, 0.7884293067387456]]
