[[2, 0, 0.01, 0.38625862421293305, 0.67624837751866, 0.507425904911942],
 [2, 0, 0.1, 0.2941435915725298, 0.6571247755523687, 0.5199432093537765],
 [2, 0, 1, 0.2629106830466891, 2.5273937775739705, 1.5416398925898473],
 [2, 1, 0.01, 0.0033918533504501388, 1.4721252705104573, 0.557112774056654],
 [2, 1, 0.1, 0.00669222685609276, 1.705161477447822, 0.5999508315936086],
 [2, 1, 1, 0.005245634347059085, 4.193511318746205, 1.6147815839476198],
 [2, 2, 0.01, 0.002924350123084936, 2.0522133483612657, 0.6801551566652262],
 [2, 2, 0.1, 0.004596067370779737, 1.949411630024811, 0.8701928617447945],
 [2, 2, 1, 0.044586183165086404, 4.496833691278114, 1.6193055913523653],
 [2, 3, 0.01, 0.000571718893651646, 1.9042257247959324, 0.7917861276532984],
 [2, 3, 0.1, 3.905262022901944e-05, 2.3281814591476206, 0.8719722350442398],
 [2, 3, 1, 0.06360849524509758, 5.509936156906805, 1.606037897175715],
 [2, 4, 0.01, 0.0013265529645567222, 2.4402518954418544, 0.7152172381326991],
 [2, 4, 0.1, 0.0011580455582245353, 2.1110378305667856, 0.7875681595930228],
 [2, 4, 1, 0.052569886171769276, 5.645570581759038, 1.413213774393229],
 [2, 5, 0.01, 0.0010153149652273776, 1.7360632693424054, 0.6043020592822267],
 [2, 5, 0.1, 0.0024767753108088783, 2.0973520960649856, 0.7987713287491536],
 [2, 5, 1, 0.033480714520078836, 8.577150568994155, 1.5368894631961965],
 [2, 6, 0.01, 0.0021162855669082346, 1.6537483520203278, 0.7024826046971775],
 [2, 6, 0.1, 0.002193830587630383, 1.8181632085982102, 0.6633314241866791],
 [2, 6, 1, 0.1295046983224069, 10.635222504824748, 2.974411520670317],
 [2, 7, 0.01, 0.00033993059290502104, 2.3226904288076318, 0.8111846380781647],
 [2, 7, 0.1, 0.0009199561125458154, 2.1138073775133956, 0.5677082120659128],
 [2, 7, 1, 0.031666397891642495, 15.42361841466751, 4.077509766530221],
 [2, 8, 0.01, 0.0003734171475294865, 3.0144629407286976, 0.8893659093363165],
 [2, 8, 0.1, 0.00015193726153170557, 1.503197625835093, 0.44845967147888277],
 [2, 8, 1, 0.0320229911585878, 5.443619508373217, 1.7134660754131608],
 [2, 9, 0.01, 0.0046364611698044575, 3.196894649397011, 1.633484052808565],
 [2, 9, 0.1, 0.0018525610122749382, 2.2782226201522695, 0.8365715469373843],
 [2, 9, 1, 0.05575098433399189, 5.817912297194667, 2.2689646781207147],
 [2, 10, 0.01, 0.0014852198705502442, 2.0091441039912215, 0.6927377282568584],
 [2, 10, 0.1, 0.0019585838106078784, 2.0677975857740742, 0.5730021893582878],
 [2, 10, 1, 0.07253435927345733, 8.162216097178533, 2.2295919871778818],
 [2, 11, 0.01, 0.00314108352904651, 1.7070397307716647, 0.5201901740265932],
 [2, 11, 0.1, 0.0021459471299299397, 2.278364876841108, 0.782906229398572],
 [2, 11, 1, 0.003042218721805812, 6.535951908549907, 2.4204861612459716],
 [2, 12, 0.01, 0.002550500044251349, 3.2204908518148345, 1.6293520931460732],
 [2, 12, 0.1, 0.002703628316602701, 1.830796510442229, 0.5968153087477956],
 [2, 12, 1, 0.0691451155731114, 5.9425119921735385, 1.4339208102131233],
 [2, 13, 0.01, 0.0011938549327101162, 2.0571915007396457, 0.6016481714850558],
 [2, 13, 0.1, 7.243244323884278e-05, 2.8847447632098393, 1.3014411860207775],
 [2, 13, 1, 0.00939960125876242, 6.080126248761757, 2.7513093377371693],
 [2, 14, 0.01, 5.7175949356079935e-05, 2.006160687026181, 0.5025006436712878],
 [2, 14, 0.1, 0.0009855360897277666, 1.2852165209320936, 0.49033986175072675],
 [2, 14, 1, 0.04997146407415391, 5.3913266446468455, 2.002402060389381],
 [2, 15, 0.01, 0.0002281088461910421, 1.4258033462347066, 0.4642089634692796],
 [2, 15, 0.1, 0.00021624901943668694, 2.032896524650977, 0.568447847831918],
 [2, 15, 1, 0.0052546407649796826, 7.4933585466610975, 1.7663148694422572],
 [2, 16, 0.01, 0.0007117853103360147, 2.362615667793269, 0.975597863517347],
 [2, 16, 1, 0.2621508443640243, 7.677772590000643, 1.7374015745799187],
 [2, 17, 0.01, 0.002569757977512798, 2.0552645793120448, 0.5631733518571245],
 [2, 17, 0.1, 0.0005709083072629508, 2.6631497025441497, 0.5221216567488386],
 [2, 18, 0.1, 0.0010629946610806766, 1.662229701206926, 0.4372227324979587],
 [2, 18, 1, 0.012014545037081228, 7.239603965446254, 1.4338233405172225],
 [2, 19, 0.01, 0.0033848737257519946, 1.800820555953684, 0.6301309400276476],
 [2, 19, 0.1, 0.0017965710335350385, 1.630998872164716, 0.5072955035972877],
 [2, 19, 1, 0.04722626380679634, 13.575849490572446, 1.431745969450871],
 [2, 20, 0.01, 0.002911541074590818, 2.5253696003139328, 0.9944936421834264],
 [2, 20, 0.1, 0.0031410346117803486, 1.9834421145100969, 0.841413117913443],
 [2, 20, 1, 0.023546200702722536, 8.240958429306914, 2.6375063934353453],
 [5, 0, 0.01, 0.40173281468242805, 0.5953627079906321, 0.49367272291024106],
 [5, 0, 0.1, 0.30667692071073793, 0.6437375977124615, 0.5245301006584816],
 [5, 0, 1, 1.4892075772890205, 1.8506089754688233, 1.4580747869189712],
 [5, 1, 0.01, 0.3062803950600665, 0.7426222550323544, 0.515553303990099],
 [5, 1, 0.1, 0.29960966535880884, 0.9541150692308568, 0.5736153545115639],
 [5, 1, 1, 1.4924544619902032, 2.9848330915510433, 1.4774346993109002],
 [5, 2, 0.01, 0.12211393802091583, 0.6259795437686104, 0.32341868303946647],
 [5, 2, 0.1, 0.13014943085802286, 0.6771375645431317, 0.36300130042123324],
 [5, 2, 1, 0.5647747807242236, 2.1669961495610353, 1.3629577343015657],
 [5, 3, 0.01, 0.052165324761407006, 0.9074516958687198, 0.27208045422099275],
 [5, 3, 0.1, 0.06331039087343643, 1.1281881565888336, 0.3127017983622028],
 [5, 3, 1, 0.5241228010232881, 2.4803507386456, 1.268597312665339],
 [5, 4, 0.01, 0.04453904872289316, 0.5757961024567216, 0.15363560856532021],
 [5, 4, 0.1, 0.05502269531376661, 0.32039521759151357, 0.16986996674074115],
 [5, 4, 1, 0.5239749078939349, 2.118672221759076, 1.1348041093790386],
 [5, 5, 0.01, 0.03693009217057297, 0.4972298787440561, 0.13040042453097395],
 [5, 5, 0.1, 0.041401299909132654, 0.8097982022042144, 0.22314455387215243],
 [5, 5, 1, 0.5605621024366639, 2.633594923552335, 1.252141508034512],
 [5, 6, 0.01, 0.02225157619482242, 0.45451536339103715, 0.19371722753861187],
 [5, 6, 0.1, 0.04198751325186928, 0.7372855168378888, 0.15777504407934673],
 [5, 6, 1, 0.5611927291236223, 2.3317446247101405, 1.3061900750065054],
 [5, 7, 0.01, 0.03681295028728341, 1.000842361889291, 0.22742647305648514],
 [5, 7, 0.1, 0.037417069803956475, 0.8787105200279018, 0.18748816211184413],
 [5, 7, 1, 0.5208270082888983, 2.6791846585140364, 1.2413434591104833],
 [5, 8, 0.01, 0.035820800923782245, 1.8332888692222205, 0.43677449679291225],
 [5, 8, 0.1, 0.043606903793622184, 0.5318049619681503, 0.1864192027749788],
 [5, 8, 1, 0.42053683142531434, 2.999558951208921, 1.078774540981919],
 [5, 9, 0.01, 0.02417555807316875, 1.11027529115402, 0.22385840514672142],
 [5, 9, 0.1, 0.041393312026018016, 0.7987567541825867, 0.159074214837086],
 [5, 9, 1, 0.3792802628066921, 3.0303479226017194, 1.2043761367619976],
 [5, 10, 0.01, 0.04031550168647455, 1.00186702963456, 0.21349477468342543],
 [5, 10, 0.1, 0.03359192356044483, 1.2077494194470226, 0.19884321270135485],
 [5, 10, 1, 0.31586991024265704, 2.3554721834902255, 1.193648138694694],
 [5, 11, 0.01, 0.03341521160879106, 0.8325628054832821, 0.35266545719656195],
 [5, 11, 0.1, 0.0380419747304728, 0.9768790545764748, 0.2410275119318833],
 [5, 11, 1, 0.3419678201377225, 4.682969699220418, 1.3209621561689078],
 [5, 12, 0.01, 0.03888848826357223, 0.72972429393329, 0.2068368190115368],
 [5, 12, 0.1, 0.028511543137631594, 1.1233442259271442, 0.3090677227977828],
 [5, 12, 1, 0.40578590220988586, 3.19001882149011, 1.2284131076465947],
 [5, 13, 0.01, 0.0334680813123275, 0.9729644695848723, 0.2387789367248026],
 [5, 13, 0.1, 0.04890624822893612, 0.7695786554659362, 0.1899053650879248],
 [5, 13, 1, 0.568147885360201, 3.636990626913753, 1.1894787204610313],
 [5, 14, 0.01, 0.03676193019945367, 0.6226063923027777, 0.332316028042841],
 [5, 14, 0.1, 0.03425363031273161, 1.1576421869344178, 0.31414552709003324],
 [5, 14, 1, 0.4010564774635982, 4.617135012079532, 1.4619552142548413],
 [5, 15, 0.01, 0.030088198582432158, 1.1916352170424502, 0.20048576657801234],
 [5, 15, 0.1, 0.03700052745582873, 0.9973332329110882, 0.31661330732434056],
 [5, 15, 1, 0.34012406948219526, 2.593602987843701, 1.2690054698338167],
 [5, 16, 0.01, 0.028299460895244, 0.8716214181257408, 0.18872880652964152],
 [5, 16, 0.1, 0.030349102383399672, 1.1045096978442854, 0.4536148577959825],
 [5, 16, 1, 0.4717980427933465, 2.407007157945947, 1.201038549539219],
 [5, 17, 0.01, 0.03199435190801039, 0.7545032414853358, 0.23458282510839618],
 [5, 17, 0.1, 0.03660049416647258, 1.21995108958184, 0.2822843636441667],
 [5, 17, 1, 0.4381280276413938, 2.3146286483994856, 1.185821744543915],
 [5, 18, 0.01, 0.030585836903219032, 0.9661599284939733, 0.3611002415202504],
 [5, 18, 0.1, 0.028832449222383656, 1.787518617831712, 0.24977297975608295],
 [5, 18, 1, 0.36567619012256614, 4.677624829400147, 1.906742151610475],
 [5, 19, 0.01, 0.018408337909678683, 0.899548873191025, 0.414845835461004],
 [5, 19, 0.1, 0.03838291139957105, 1.6823740684678696, 0.22170962158347188],
 [5, 19, 1, 0.4968470576839576, 5.153665236493147, 1.510156364476254],
 [5, 20, 0.01, 0.02985631119940384, 0.7707083391406319, 0.25010148711273716],
 [5, 20, 0.1, 0.035113824079948314, 1.1302277730174826, 0.2276693474635124],
 [5, 20, 1, 0.37821967169823, 3.1415297771374897, 1.3898635241093238],
 [10, 0, 0.01, 0.4552632836143481, 0.5848194981687886, 0.5002491053065931],
 [10, 0, 0.1, 0.38759684975014214, 0.583185931941977, 0.5244189438128037],
 [10, 0, 1, 1.1272656617346026, 1.6037327140611144, 1.4329183205741465],
 [10, 1, 0.01, 0.44406902875000054, 0.5768313528107114, 0.5002490321575962],
 [10, 1, 0.1, 0.4478771455931877, 0.6124820942930069, 0.5201236365312992],
 [10, 1, 1, 1.064051793128312, 1.8764763915548326, 1.5675618628313621],
 [10, 2, 0.01, 0.15991483144319976, 0.4940199255755123, 0.23293858881489832],
 [10, 2, 0.1, 0.16528472959079338, 0.46449688999990346, 0.2810033445252517],
 [10, 2, 1, 0.8614788110402498, 1.6708606622155806, 1.2801423566454548],
 [10, 3, 0.01, 0.0755997234341451, 0.12338313896999598, 0.0982103955240012],
 [10, 3, 0.1, 0.08019879743648092, 0.26874049407009865, 0.1188952242930491],
 [10, 3, 1, 0.8353644167609648, 1.509856087952319, 1.10459797269471],
 [10, 4, 0.01, 0.053147073018584456, 0.154707420720349, 0.09467975769809006],
 [10, 4, 0.1, 0.05776600066952016, 0.15937016826535116, 0.09395407257315577],
 [10, 4, 1, 0.6728725284983568, 1.6711222039937013, 1.0748712189429892],
 [10, 5, 0.01, 0.052459538789351036, 0.19096723604721016, 0.10660549870784528],
 [10, 5, 0.1, 0.06849128580926804, 0.17865097417141967, 0.11924388952975912],
 [10, 5, 1, 0.8418562615775524, 1.6410846137271988, 0.9951514382466858],
 [10, 6, 0.01, 0.05489894696517729, 0.25105800164280956, 0.12396679799166944],
 [10, 6, 0.1, 0.07807496354699373, 0.19680087981501393, 0.13406141637459806],
 [10, 6, 1, 0.585850432075181, 1.5600742215247938, 1.09024094548229],
 [10, 7, 0.01, 0.06215047199481851, 0.24154088745166322, 0.15864106380143517],
 [10, 7, 0.1, 0.07149742272438567, 0.22804291676612515, 0.14495963302078804],
 [10, 7, 1, 0.7209504902919212, 1.6956588472379728, 1.232755207664318],
 [10, 8, 0.01, 0.059762614177215415, 0.32810464698136216, 0.16455475758482746],
 [10, 8, 0.1, 0.07770560601786804, 0.3033176088447461, 0.1482968931688974],
 [10, 8, 1, 0.8273054223509624, 1.8283632046330944, 1.1282443985754653],
 [10, 9, 0.01, 0.06634990503113257, 0.27269768086489166, 0.169241674999843],
 [10, 9, 0.1, 0.07374132934316796, 0.26575348515386193, 0.16306440659894517],
 [10, 9, 1, 0.7735079411549564, 1.9513996983096569, 1.205181590064552],
 [10, 10, 0.01, 0.05797351047907158, 0.31387992773071927, 0.1485788924345143],
 [10, 10, 0.1, 0.05443495802119284, 0.7261723389271653, 0.18559436974168467],
 [10, 10, 1, 0.7131542792481168, 1.551505057435163, 1.155681295414182],
 [10, 11, 0.01, 0.05279896090354832, 0.3847861599733306, 0.16457213337498866],
 [10, 11, 0.1, 0.06271400270071677, 0.4482389848783329, 0.1794970911364665],
 [10, 11, 1, 0.6783971227693228, 2.2964724776256995, 1.2023992480749557],
 [10, 12, 0.01, 0.055216416723645835, 0.5085037085295366, 0.2335990007690082],
 [10, 12, 0.1, 0.07228160739361887, 0.3684745342661599, 0.18593855211228308],
 [10, 12, 1, 0.5219887704365586, 2.1822993692714956, 1.1343114336542575],
 [10, 13, 0.01, 0.05167665771251231, 0.532622144925216, 0.24091102932798727],
 [10, 13, 0.1, 0.05343261946094483, 0.6493840486831799, 0.3237600808965233],
 [10, 13, 1, 0.6068881792440146, 4.676797765455172, 1.7097693308354578],
 [10, 14, 0.01, 0.05347231706170149, 0.33764601235633007, 0.11270581803859553],
 [10, 14, 0.1, 0.04868088864507891, 0.6281755929292064, 0.36926015009716795],
 [10, 14, 1, 0.7727142123620666, 2.005285875088878, 1.202730249549508],
 [10, 15, 0.01, 0.05201779017716203, 0.29462911438710915, 0.15888551456144326],
 [10, 15, 0.1, 0.05726092809565313, 0.36952056932412114, 0.15353994289576778],
 [10, 15, 1, 0.6473996943515345, 1.8346902054944785, 1.104124585991054],
 [10, 16, 0.01, 0.0566838194145477, 0.18195481787482107, 0.09220823935583744],
 [10, 16, 0.1, 0.05908702645229945, 0.3057360337863184, 0.15795407185772775],
 [10, 16, 1, 0.6667172487848394, 1.5735444066424045, 1.0788905680731544],
 [10, 17, 0.01, 0.05195454160093184, 0.5298817780727035, 0.1746232155840154],
 [10, 17, 0.1, 0.05573797651097321, 0.412761843550557, 0.20818025980823998],
 [10, 17, 1, 0.6707182458320122, 2.732187998795817, 1.475178071030479],
 [10, 18, 0.01, 0.04975484373639712, 0.34518048734589274, 0.1414470864855095],
 [10, 18, 0.1, 0.06429935298368328, 0.5380667927014116, 0.37403408444550457],
 [10, 18, 1, 0.6556443961999796, 2.3687580175862264, 1.2680278129857288],
 [10, 19, 0.01, 0.04505970090371433, 0.2777303438017024, 0.13231607868923723],
 [10, 19, 0.1, 0.05127652812216108, 0.37178343156592475, 0.13551946312003268],
 [10, 19, 1, 0.7566774278228242, 1.7287582897311533, 1.1369479589891602],
 [10, 20, 0.01, 0.05013022420876525, 0.7693353774780441, 0.1440924673203286],
 [10, 20, 0.1, 0.05290112935603956, 0.26455027977682966, 0.0987839824157904],
 [10, 20, 1, 0.7614673012094312, 1.7880664142115255, 1.268910175965991],
 [20, 0, 0.01, 0.45654817886416854, 0.5259072416795282, 0.500705493486939],
 [20, 0, 0.1, 0.459131199107941, 0.5385640677540184, 0.5183588664313825],
 [20, 0, 1, 1.4270649258255892, 1.5900068304731232, 1.4928586710736316],
 [20, 1, 0.01, 0.4532200605758116, 0.5695285050164021, 0.5216362374136032],
 [20, 1, 0.1, 0.43632273036335434, 0.6116775146591126, 0.48550199105463704],
 [20, 1, 1, 1.3365431886240866, 1.6855423724729897, 1.40484231069176],
 [20, 2, 0.01, 0.18282756332678857, 0.2671343340639004, 0.2260048787393639],
 [20, 2, 0.1, 0.19523154444794824, 0.25243116888033384, 0.2235393400014168],
 [20, 2, 1, 0.9730045944215439, 1.428790122909112, 1.4155185257799123],
 [20, 3, 0.01, 0.0817464300128907, 0.12339281564607688, 0.1008089204049871],
 [20, 3, 0.1, 0.08649466504149012, 0.11602592874928205, 0.09759330672501168],
 [20, 3, 1, 1.0046132045649565, 1.338495294763167, 1.1018232057665418],
 [20, 4, 0.01, 0.06733847104419821, 0.09876545410076074, 0.0805131035015009],
 [20, 4, 0.1, 0.07466629809602822, 0.1111948395579578, 0.08754837676307546],
 [20, 4, 1, 0.8407528765589161, 1.2596445530065816, 1.0628634596111075],
 [20, 5, 0.01, 0.07372377874306321, 0.12563740454551883, 0.09210193969038433],
 [20, 5, 0.1, 0.07530224412537152, 0.14091385713224472, 0.10629788897273316],
 [20, 5, 1, 0.9198668814216415, 1.310870339417375, 1.0845385371382856],
 [20, 6, 0.01, 0.07864070615859023, 0.15511299265101125, 0.11415838879380602],
 [20, 6, 0.1, 0.08645225475495319, 0.17345900475895334, 0.12611993136483318],
 [20, 6, 1, 0.8763738131321972, 1.3292675234944404, 1.1063394381982705],
 [20, 7, 0.01, 0.0900504990839938, 0.15489774396610329, 0.11586222576528404],
 [20, 7, 0.1, 0.09308497200609547, 0.1830705425839566, 0.14179964833335498],
 [20, 7, 1, 0.9709960895546488, 1.3463282966267507, 1.1457995165506338],
 [20, 8, 0.01, 0.07994192277200955, 0.2060244455021109, 0.12781619760683774],
 [20, 8, 0.1, 0.08571271925555704, 0.21250403325290082, 0.11942642009758397],
 [20, 8, 1, 0.9619849861648611, 1.5545192707642128, 1.1267019195589127],
 [20, 9, 0.01, 0.07787226189838575, 0.22270035894521495, 0.11964924485616461],
 [20, 9, 0.1, 0.08563353831743618, 0.18149439782847387, 0.12011691746840272],
 [20, 9, 1, 0.9590805201811883, 1.379610074921725, 1.0790803083091531],
 [20, 10, 0.01, 0.0708690896667562, 0.2513370158157893, 0.14384756485197656],
 [20, 10, 0.1, 0.07588638857501709, 0.2638095344179769, 0.15739336899965822],
 [20, 10, 1, 0.8845435385760805, 1.4674508894374159, 1.1688925262134273],
 [20, 11, 0.01, 0.07027144416452412, 0.10070757983498577, 0.07807239023695092],
 [20, 11, 0.1, 0.07828746053861493, 0.14049013738202418, 0.11213412626740978],
 [20, 11, 1, 0.9912276717729288, 1.3618810717645233, 1.1212524144901366],
 [20, 12, 0.01, 0.06567479409236951, 0.1558145082971509, 0.1014494534103705],
 [20, 12, 0.1, 0.07347994495545764, 0.196695321259924, 0.11923603967780826],
 [20, 12, 1, 0.9575897000170809, 1.6771093848801868, 1.2204641957423612],
 [20, 13, 0.01, 0.05934031024648493, 0.16059455670539302, 0.07892598308492726],
 [20, 13, 0.1, 0.06505764263724503, 0.2931035642393954, 0.1325760485061623],
 [20, 13, 1, 0.855952914043139, 1.2753660555315947, 1.0325981265910738],
 [20, 14, 0.01, 0.053760947239637466, 0.19455655462279384, 0.10315972907534017],
 [20, 14, 0.1, 0.06506630117581089, 0.10858495806056749, 0.08818457870015038],
 [20, 14, 1, 0.8180067929246289, 1.3305746860332748, 1.1489712110352752],
 [20, 15, 0.01, 0.053685001411966596, 0.10234851661791969, 0.07735922958111256],
 [20, 15, 0.1, 0.06166034420374071, 0.08672334570889571, 0.06942426797454274],
 [20, 15, 1, 0.9076783559079967, 1.3994527772340906, 1.0253108660176733],
 [20, 16, 0.01, 0.056622244605696745, 0.10997783064269892, 0.07151721564840124],
 [20, 16, 0.1, 0.05822694923767672, 0.11562639434646352, 0.08330089930127348],
 [20, 16, 1, 0.8726167736764406, 1.6050233366711772, 1.0838149715022243],
 [20, 17, 0.01, 0.05290080040670666, 0.08991310097674475, 0.062380378234895804],
 [20, 17, 0.1, 0.06129579545826826, 0.17308773185764265, 0.10038087555363262],
 [20, 17, 1, 0.9175438646657931, 1.7939066874051648, 1.0350366065502299],
 [20, 18, 0.01, 0.05480336619527848, 0.14878918452845263, 0.0828168574536971],
 [20, 18, 0.1, 0.05559994551180365, 0.1174423353519862, 0.07580437215862214],
 [20, 18, 1, 0.8932648750648052, 1.5234766869929748, 1.1436492191075702],
 [20, 19, 0.01, 0.04934985737445076, 0.29034701420955833, 0.114843461898866],
 [20, 19, 0.1, 0.05167359222085625, 0.22277364320780987, 0.10886168277611534],
 [20, 19, 1, 0.9639526546452762, 1.621210475262134, 1.1056507644043971],
 [20, 20, 0.01, 0.05162817600471612, 0.2397412970654807, 0.09780611444526233],
 [20, 20, 0.1, 0.057502682948868435, 0.1674338869777726, 0.07862871467780737],
 [20, 20, 1, 0.8060579481683734, 1.4118496989433758, 1.1244645685635768],
 [50, 0, 0.01, 0.4813510295277325, 0.5089688354256175, 0.49147873970695494],
 [50, 0, 0.1, 0.50577068450627, 0.5258061313839225, 0.5025603536834373],
 [50, 0, 1, 1.4907567436600755, 1.5044101977164863, 1.4652663380858106],
 [50, 1, 0.01, 0.4866720494581946, 0.5252710403124907, 0.4821888730833192],
 [50, 1, 0.1, 0.46705295474295483, 0.5320548015291562, 0.5034602267235325],
 [50, 1, 1, 1.4350041183169449, 1.5756639690130405, 1.5005262334750664],
 [50, 2, 0.01, 0.18878081707308805, 0.2000896883607129, 0.2013311985742429],
 [50, 2, 0.1, 0.1964565606941621, 0.2235229647566145, 0.2093528812560049],
 [50, 2, 1, 1.1456082235257603, 1.3014393092865466, 1.1577664856692382],
 [50, 3, 0.01, 0.07922711136276117, 0.08759936543461447, 0.08426894580816138],
 [50, 3, 0.1, 0.08577720097029676, 0.09243270052939583, 0.09036736967143308],
 [50, 3, 1, 1.011700409349773, 1.0977814118844074, 1.1593571395659241],
 [50, 4, 0.01, 0.0683263549376536, 0.08050158126052365, 0.08002516841330574],
 [50, 4, 0.1, 0.07911371671467354, 0.09002758450892455, 0.08884763464901288],
 [50, 4, 1, 0.972840692216778, 1.1459602188054823, 1.072204570130575],
 [50, 5, 0.01, 0.08790571813901141, 0.10239339913965724, 0.09068473663603113],
 [50, 5, 0.1, 0.08884714481368391, 0.1114042055510867, 0.11119120579866838],
 [50, 5, 1, 1.0061441134916658, 1.1917419550844344, 1.1255736653182589],
 [50, 6, 0.01, 0.08867954016931602, 0.11616967378361347, 0.10305377471065574],
 [50, 6, 0.1, 0.09820950985418782, 0.13063943225271474, 0.10950794187476197],
 [50, 6, 1, 1.0389846305731933, 1.1691968703142077, 1.068074333509813],
 [50, 7, 0.01, 0.09393607321847881, 0.11473783124438815, 0.106774860625529],
 [50, 7, 0.1, 0.10551136629141922, 0.12456311648083192, 0.11033324625536063],
 [50, 7, 1, 1.0594081201169845, 1.1611283754712212, 1.1173236823656707],
 [50, 8, 0.01, 0.09388531021198097, 0.10355075121147483, 0.09295388973628836],
 [50, 8, 0.1, 0.1006484555391941, 0.12517935158790108, 0.10983304211861232],
 [50, 8, 1, 1.0742032407298316, 1.1609289730673606, 1.105235543750705],
 [50, 9, 0.01, 0.08397216892579659, 0.12622704654320566, 0.10352624616304823],
 [50, 9, 0.1, 0.09704655222701042, 0.10801926497478734, 0.10029292937193178],
 [50, 9, 1, 0.9708561344912731, 1.1665382356139022, 1.0474936955917613],
 [50, 10, 0.01, 0.07828650223438115, 0.09755441000135322, 0.08068179566718708],
 [50, 10, 0.1, 0.09104778603168488, 0.1045862647701888, 0.0978819341323677],
 [50, 10, 1, 0.96841667006993, 1.2372675067449586, 1.105508799803222],
 [50, 11, 0.01, 0.07118592912928907, 0.10375373793676423, 0.08079808201616176],
 [50, 11, 0.1, 0.07974581150460115, 0.09674198200879086, 0.09093463171518688],
 [50, 11, 1, 0.9867199884378615, 1.1897345576238625, 1.1119496003521498],
 [50, 12, 0.01, 0.06353596146629455, 0.09354090360631505, 0.07404462766362466],
 [50, 12, 0.1, 0.07661518641531619, 0.09828600619668042, 0.08024109647149714],
 [50, 12, 1, 0.9836842204040185, 1.1257347431098268, 1.1777488671017247],
 [50, 13, 0.01, 0.06188620002880716, 0.0755525685635657, 0.0690774065014001],
 [50, 13, 0.1, 0.07008246790955178, 0.09570606321219174, 0.0764934812646742],
 [50, 13, 1, 1.045112418372717, 1.1257123990998577, 1.0342433146677215],
 [50, 14, 0.01, 0.05425887684699767, 0.06725301207714518, 0.058675084998011856],
 [50, 14, 0.1, 0.06407026731343707, 0.0730263877690844, 0.06673353308807399],
 [50, 14, 1, 0.8651295724040782, 1.1261919700683924, 1.0537688852543732],
 [50, 15, 0.01, 0.05196285717777358, 0.06037266199289406, 0.053592713067183065],
 [50, 15, 0.1, 0.06095169346193948, 0.06363724068216077, 0.06101426975120286],
 [50, 15, 1, 0.9714020709772481, 1.1725093681220968, 1.0238553743083936],
 [50, 16, 0.01, 0.049776584373620425, 0.05907463775008374, 0.05319189586393087],
 [50, 16, 0.1, 0.06017667453482885, 0.09102831581297913, 0.0675020120974056],
 [50, 16, 1, 0.8972772210438418, 1.2677239611696292, 1.0367358674628635],
 [50, 17, 0.01, 0.049904525497703196, 0.06556212592125285, 0.05727707652617767],
 [50, 17, 0.1, 0.05881307290624903, 0.06630125448895408, 0.06403763225000872],
 [50, 17, 1, 0.9751001188349363, 1.1340123003907001, 1.0055239947580155],
 [50,
  18,
  0.01,
  0.049706724534933765,
  0.05734326225850247,
  0.052700835185913245],
 [50, 18, 0.1, 0.05710052879537506, 0.06435737374184475, 0.06211003680872683],
 [50, 18, 1, 0.9506294615132106, 1.1132243322981723, 1.070976696148218],
 [50, 19, 0.01, 0.04776539653152706, 0.10225554701913893, 0.05602415684582549],
 [50, 19, 0.1, 0.055426893390947564, 0.06989338933656078, 0.06402550281810028],
 [50, 19, 1, 1.020177654983779, 1.1117357012472489, 1.0936905301584097],
 [50, 20, 0.01, 0.04926835749093239, 0.05629739598436965, 0.051610593498431674],
 [50, 20, 0.1, 0.05973289777220203, 0.0721276286130759, 0.06644045104435721],
 [50, 20, 1, 0.9447282297931953, 1.1440279262072048, 1.0037331130639315],
 [100, 0, 0.01, 0.4932772724786484, 0.509889131159859, 0.48106995814507536],
 [100, 0, 0.1, 0.4927912666747301, 0.5140134590130339, 0.5115159921277479],
 [100, 0, 1, 1.4367165293778217, 1.5094746256435239, 1.5362350802790683],
 [100, 1, 0.01, 0.49410168755886524, 0.5072389639027811, 0.5019835148302425],
 [100, 1, 0.1, 0.4824086368553678, 0.5156083975996386, 0.5198353152447517],
 [100, 1, 1, 1.4142352543821415, 1.5055360017453014, 1.5877052831410783],
 [100, 2, 0.01, 0.1949950969162395, 0.2092657407313788, 0.20096662217812428],
 [100, 2, 0.1, 0.21051398212722297, 0.2130677125960721, 0.2038600200706106],
 [100, 2, 1, 1.206180967433742, 1.1898773086400527, 1.1269394630770362],
 [100, 3, 0.01, 0.08109313700639928, 0.0854465190847789, 0.08585311898637987],
 [100, 3, 0.1, 0.08592226009517673, 0.09134180155844496, 0.08621860822717432],
 [100, 3, 1, 1.0858449554106577, 1.1061026561582534, 1.0829888861572732],
 [100, 4, 0.01, 0.07149722012129653, 0.0786211767858929, 0.07645273589089369],
 [100, 4, 0.1, 0.08722799359182101, 0.08680676166458494, 0.08541937532021414],
 [100, 4, 1, 1.006978440893017, 1.083587853749642, 1.0571351479866449],
 [100, 5, 0.01, 0.09127155199030189, 0.09643896964562046, 0.09362791722222252],
 [100, 5, 0.1, 0.09685452301204708, 0.10773537959744009, 0.1054629699755362],
 [100, 5, 1, 1.1168551378100935, 1.1154344406164718, 1.0122530317542398],
 [100, 6, 0.01, 0.09808664314791282, 0.10415206533892458, 0.09940908364519994],
 [100, 6, 0.1, 0.11107509781925429, 0.11581192311064963, 0.1119870741477578],
 [100, 6, 1, 1.101916828442485, 1.128076922851386, 1.042831799388766],
 [100, 7, 0.01, 0.09744236753426791, 0.10700741566793204, 0.10311963269050879],
 [100, 7, 0.1, 0.1118081155912966, 0.11578209387158078, 0.1077333529518887],
 [100, 7, 1, 1.0929442067557056, 1.1445880463413518, 1.1227971369419818],
 [100, 8, 0.01, 0.09489293641837347, 0.10202180995600277, 0.1031414441344284],
 [100, 8, 0.1, 0.10466377539484964, 0.11032707106808212, 0.10556462130368958],
 [100, 8, 1, 1.105649200950253, 1.131519698570858, 1.213036449287932],
 [100, 9, 0.01, 0.08780334338415911, 0.0936696628501057, 0.09089031885411411],
 [100, 9, 0.1, 0.09555413989364674, 0.10670461146375754, 0.10243681942603641],
 [100, 9, 1, 1.0598250077143354, 1.1271619933867754, 1.0795052737021877],
 [100, 10, 0.01, 0.07774728218915115, 0.08623641185786361, 0.08263797648300995],
 [100, 10, 0.1, 0.08729089402729365, 0.09690464453874971, 0.09092207970568415],
 [100, 10, 1, 0.9774144979020054, 1.113523141743967, 1.1299233843713357],
 [100, 11, 0.01, 0.06926062159344405, 0.07283189121345685, 0.07094388224733432],
 [100, 11, 0.1, 0.08053954753094676, 0.08392489593255513, 0.08187760648296141],
 [100, 11, 1, 1.0123679891068393, 1.1180352390175294, 1.1259588278462798],
 [100, 12, 0.01, 0.06408511024987434, 0.06794083076801709, 0.06473461615366373],
 [100, 12, 0.1, 0.07105616735011702, 0.07759784847621393, 0.07557732594582732],
 [100, 12, 1, 1.023159263021343, 1.1169249266003294, 1.030801591719624],
 [100,
  13,
  0.01,
  0.057304779783376614,
  0.060850224053985415,
  0.06060141342878663],
 [100, 13, 0.1, 0.06557932404763367, 0.07064498214328167, 0.06912553657287923],
 [100, 13, 1, 1.1076869579496587, 1.1074250787343776, 1.08707145056505],
 [100, 14, 0.01, 0.05296213981915845, 0.05731586484528032, 0.05691499044690194],
 [100, 14, 0.1, 0.06081364526970316, 0.06676247355402387, 0.0627814351590566],
 [100, 14, 1, 1.0633326293579999, 1.0997256023278914, 1.100175054742782],
 [100,
  15,
  0.01,
  0.05158125009526535,
  0.05483699428352538,
  0.052670998770198006],
 [100, 15, 0.1, 0.0600864838918513, 0.06252854217717285, 0.060403975543098905],
 [100, 15, 1, 0.9988621946590847, 1.075904740116116, 0.9567265133225965],
 [100,
  16,
  0.01,
  0.04949301602211953,
  0.052280704005333856,
  0.050082783744102785],
 [100, 16, 0.1, 0.05982878145756314, 0.0648867590354626, 0.06175366614673142],
 [100, 16, 1, 0.980452423245074, 1.0973514362322807, 0.975473318033938],
 [100, 17, 0.01, 0.04840607315877157, 0.05080884875568161, 0.04826554960118116],
 [100,
  17,
  0.1,
  0.056942841293493716,
  0.061110116904406965,
  0.05848535705257011],
 [100, 17, 1, 1.017548102149161, 1.0796430674567812, 1.0875780689544627],
 [100,
  18,
  0.01,
  0.04846339366389999,
  0.051097862171404926,
  0.052849027033013724],
 [100, 18, 0.1, 0.05786729013329772, 0.05987101509274241, 0.060014003077120334],
 [100, 18, 1, 1.045850020113932, 1.0880387167897685, 1.0019541444350042],
 [100, 19, 0.01, 0.0503878705144646, 0.05117353802421474, 0.051547244017934715],
 [100, 19, 0.1, 0.05985839399441691, 0.0623418998750224, 0.06037003317720356],
 [100, 19, 1, 1.0018020280969642, 1.1031772552404322, 1.0583789431875779],
 [100, 20, 0.01, 0.04904780790995742, 0.05190083369371275, 0.0497906474142511],
 [100, 20, 0.1, 0.05914926548715425, 0.06383499775999146, 0.060977333652727915],
 [100, 20, 1, 1.026264187727684, 1.0756806406379216, 1.0570789971306715],
 [200, 0, 0.01, 0.493936091518527, 0.49978945577061235, 0.4934271882993884],
 [200, 0, 0.1, 0.5032429901470227, 0.5132391607056236, 0.5127195310005143],
 [200, 0, 1, 1.5320767187367927, 1.4884084984309611, 1.5507805510445716],
 [200, 1, 0.01, 0.5004826627270013, 0.511126877995709, 0.5100768108876009],
 [200, 1, 0.1, 0.5048437115786165, 0.5195900346041942, 0.5045975702947215],
 [200, 1, 1, 1.4932508016857593, 1.5297933120176215, 1.5347842964289635],
 [200, 2, 0.01, 0.19479752264206635, 0.19992793734347808, 0.20059896592526835],
 [200, 2, 0.1, 0.20290569100318198, 0.20955842094349367, 0.20975212817653857],
 [200, 2, 1, 1.195327918302913, 1.2045368684588378, 1.2151581157126257],
 [200, 3, 0.01, 0.07692460553502235, 0.07936924375744836, 0.07786214703807603],
 [200, 3, 0.1, 0.08553152216486486, 0.08943674311991888, 0.08406892972632264],
 [200, 3, 1, 1.06175794168283, 1.0774223537755503, 1.1056284272045582],
 [200, 4, 0.01, 0.07457947088615499, 0.07702423829722928, 0.0727546748846676],
 [200, 4, 0.1, 0.08233312805999113, 0.0862327195708271, 0.08421216519943975],
 [200, 4, 1, 1.0658375692131545, 1.0964906978863662, 1.1170762674656223],
 [200, 5, 0.01, 0.08966427314586932, 0.09307350747336393, 0.08690109894158773],
 [200, 5, 0.1, 0.10156093665799608, 0.1033964671263102, 0.1040652228290704],
 [200, 5, 1, 1.0632936395799617, 1.10803131345963, 1.0470847711351834],
 [200, 6, 0.01, 0.09956851022590621, 0.10401775491400915, 0.10147962405367568],
 [200, 6, 0.1, 0.1072519255745096, 0.11415937448395556, 0.10791005189357857],
 [200, 6, 1, 1.1090855352906588, 1.1061189660762394, 1.0095775144522645],
 [200, 7, 0.01, 0.10041625632557338, 0.10717839644023333, 0.10701383533291432],
 [200, 7, 0.1, 0.10987136043272512, 0.11624050046246721, 0.11856075381607604],
 [200, 7, 1, 1.0848281306078156, 1.1268455565055886, 1.0373867710154565],
 [200, 8, 0.01, 0.09630348172146103, 0.09928780111255983, 0.10124186620477445],
 [200, 8, 0.1, 0.10285636607672817, 0.10911908118940775, 0.1063042933313243],
 [200, 8, 1, 1.069188595327536, 1.136021313950596, 1.0246937854254108],
 [200, 9, 0.01, 0.08712841491553903, 0.09020284129043449, 0.08709553822971937],
 [200, 9, 0.1, 0.09669184697650005, 0.10106227015873899, 0.09397383329385353],
 [200, 9, 1, 1.016940134709951, 1.0997016930503716, 1.0342307428214899],
 [200, 10, 0.01, 0.07854446162516196, 0.08067744774707998, 0.08158652757457117],
 [200, 10, 0.1, 0.08742475763851178, 0.0922015221431944, 0.09330240191028233],
 [200, 10, 1, 1.0608831857459584, 1.1287351642029928, 1.007612706886799],
 [200, 11, 0.01, 0.06912769348218059, 0.07110613662546475, 0.06810199400426414],
 [200, 11, 0.1, 0.08018764122226404, 0.08121779925504471, 0.08549257765104132],
 [200, 11, 1, 1.0940963754335136, 1.0771247125414096, 1.0917927049520528],
 [200, 12, 0.01, 0.06113921803355569, 0.06405487623329939, 0.06160157692654696],
 [200, 12, 0.1, 0.07119052369167919, 0.07750961602745687, 0.07460710873162785],
 [200, 12, 1, 1.0761045956313375, 1.0670323332224583, 1.1306963365198832],
 [200, 13, 0.01, 0.05569960822104377, 0.05704457552281693, 0.05619376121577683],
 [200, 13, 0.1, 0.06495340891797044, 0.06654362736681271, 0.06535413785556896],
 [200, 13, 1, 1.0012989638745187, 1.0611940517517011, 1.0120887869841217],
 [200,
  14,
  0.01,
  0.05244066209816941,
  0.05437070772981957,
  0.054654398062629644],
 [200, 14, 0.1, 0.062350698702467525, 0.06439504921619349, 0.0625721250124459],
 [200, 14, 1, 0.9947841129470391, 1.0745044924702944, 1.0458444957840152],
 [200, 15, 0.01, 0.0492045629529053, 0.05006395400999532, 0.05060412681874196],
 [200, 15, 0.1, 0.059803622953952494, 0.06267360786298179, 0.06249945823308321],
 [200, 15, 1, 1.01266223437861, 1.0631564361854484, 1.0864964683962917],
 [200,
  16,
  0.01,
  0.048627525358516346,
  0.05017318387978912,
  0.05059854748589146],
 [200, 16, 0.1, 0.05833816579999447, 0.06054866295298755, 0.054597706996329126],
 [200, 16, 1, 1.037854955929139, 1.0967793025268286, 0.9659871542411188],
 [200,
  17,
  0.01,
  0.048518579640388415,
  0.05013171916127779,
  0.050202081119442264],
 [200, 17, 0.1, 0.05774758210123946, 0.059415155229093894, 0.06129251497670509],
 [200, 17, 1, 1.0339049460637568, 1.0528665599392804, 1.0885780711515642],
 [200,
  18,
  0.01,
  0.04856068578084713,
  0.050261422088780726,
  0.04854719771548486],
 [200, 18, 0.1, 0.05926817701707676, 0.05982738578709068, 0.05966348449792496],
 [200, 18, 1, 1.0418256249011346, 1.0663588354352478, 1.04658984179789],
 [200,
  19,
  0.01,
  0.049018893693589013,
  0.05184991911950175,
  0.05305265521234302],
 [200, 19, 0.1, 0.0577532376453645, 0.06059127237618076, 0.05976246211766738],
 [200, 19, 1, 1.0428042785557092, 1.0677331323148767, 1.0682894067514126],
 [200,
  20,
  0.01,
  0.050114659225879564,
  0.052622819667389076,
  0.050986494295741036],
 [200, 20, 0.1, 0.06003949507354665, 0.06356448430831525, 0.06279962625486811],
 [200, 20, 1, 1.0109256402919256, 1.0776602174971917, 1.03953068760331],
 [2, 0, 0.01, 0.2025566717839448, 0.8557621074324487, 0.5528065042121493],
 [2, 0, 0.1, 0.1958621685294997, 0.6862057319353084, 0.5269781055210417],
 [2, 0, 1, 0.619807382208903, 2.037086556963579, 1.4684239428571118],
 [2, 1, 0.01, 0.006867208777211561, 1.7039489839218533, 0.762327316223143],
 [2, 1, 0.1, 0.0120146904329004, 1.700429928240835, 0.5695364587130295],
 [2, 1, 1, 0.1983853751381143, 5.036032401900089, 1.7513571904470115],
 [2, 2, 0.01, 0.0014339831788617258, 2.574716127708985, 0.8587532507373034],
 [2, 2, 0.1, 0.0004876567521220544, 1.624478953725626, 0.6897473853741122],
 [2, 2, 1, 0.047166869295889105, 3.9083139260014064, 1.7494638469338188],
 [2, 3, 0.01, 0.00391616125564725, 1.5459897611005418, 0.7574151491321345],
 [2, 3, 0.1, 0.0037734240193226937, 1.5711004204485959, 0.7102592855618978],
 [2, 3, 1, 0.07351861367355014, 8.254442655354513, 2.0468059121093525],
 [2, 4, 0.01, 0.0003751871688816895, 2.2992950373245846, 0.7228412438793275],
 [2, 4, 0.1, 0.003455210417558068, 2.3666564286113765, 0.9190079257250791],
 [2, 4, 1, 0.0027121570853388347, 4.31526177216106, 1.4838267429810834],
 [2, 5, 0.01, 0.001544887352630335, 2.3823746665577468, 0.8876067078050063],
 [2, 5, 0.1, 0.001758731967182782, 2.376794335347447, 1.2852834187459552],
 [2, 5, 1, 0.08234155107808712, 4.809621172450569, 1.9761466845482816],
 [2, 6, 0.01, 0.002676538940732755, 2.280190768404072, 0.9512950738319046],
 [2, 6, 0.1, 0.0033200969631420546, 1.7282981348825082, 0.8925780350858408],
 [2, 6, 1, 0.00391531879527104, 6.639249343660178, 2.493697546553278],
 [2, 7, 0.01, 0.002996938647375708, 1.479574735593127, 0.42588758790396203],
 [2, 7, 0.1, 0.0003999238970916849, 1.2947008416757302, 0.47040721179084694],
 [2, 7, 1, 0.014148210500254648, 7.674733437291953, 1.8574702168431547],
 [2, 8, 0.01, 0.0006779492026366095, 1.927241046234851, 0.7149169707161528],
 [2, 8, 0.1, 0.004780287664005567, 1.937811689743595, 0.5784495482879255],
 [2, 8, 1, 0.07758670571958512, 8.256089448635695, 1.8461711536050545],
 [2, 9, 0.01, 0.001876664323260275, 2.4927223368106213, 1.1157706528998426],
 [2, 9, 0.1, 0.0029504674350966523, 2.2049249586554778, 0.7848308317912284],
 [2, 9, 1, 0.16102757402678441, 8.360116381606144, 2.024561761436848],
 [2, 10, 0.01, 0.0004255024809143074, 3.2637332026374963, 1.6344957168499794],
 [2, 10, 0.1, 0.00017143809457696043, 1.9653337995477802, 0.6745951171726371],
 [2, 10, 1, 0.029184706799262043, 9.586899808834321, 2.1804300930666756],
 [2, 11, 0.01, 0.0020691838458768703, 2.284487531332314, 0.5909317890092446],
 [2, 11, 0.1, 0.00015932748786165379, 2.270269774197764, 0.936671122519431],
 [2, 11, 1, 1.954980209442801e-06, 6.15795744278926, 1.4753012240841181],
 [2, 12, 0.01, 0.0021060545540410114, 1.6339550333547623, 0.7482111716955208],
 [2, 12, 0.1, 0.0013292130484066987, 2.5350041630565943, 0.9201114053054602],
 [2, 12, 1, 0.005203970659292416, 7.8933729502502485, 1.625378047600464],
 [2, 13, 0.01, 0.0023597582890553742, 2.084506041136769, 0.5483791322077206],
 [2, 13, 0.1, 0.0025347112330753696, 1.8199260222825617, 0.5178927726001026],
 [2, 13, 1, 0.0410053978611105, 6.463163060293054, 1.5696814731987896],
 [2, 14, 0.01, 0.0004774378064009344, 1.446101596158671, 0.45939430708050166],
 [2, 14, 1, 0.030265664810803755, 8.691357743668355, 1.7151420575944487],
 [2, 15, 0.01, 0.0017089486493131266, 2.237722468150735, 0.8482020946899926],
 [2, 15, 0.1, 0.0013268222518555916, 0.870877502940731, 0.43063152271637045],
 [2, 15, 1, 0.08314772801611592, 6.955331142390657, 2.3337937811006584],
 [2, 16, 0.01, 0.00046399720536440903, 1.502182060059219, 0.4918354858062467],
 [2, 16, 0.1, 0.0005359687585083123, 1.31376058319518, 0.38662735370644635],
 [2, 16, 1, 0.025636925263583087, 5.107149619759611, 1.7894234135016074],
 [2, 17, 0.01, 0.00025759104097694, 1.7015652773145427, 0.47055536713946666],
 [2, 17, 0.1, 0.004434798849395508, 1.7378250466941085, 0.5914211256502062],
 [2, 17, 1, 0.0824512347545148, 5.355869999762723, 1.7319625536662666],
 [2, 18, 0.01, 0.0017367116285530824, 1.50311221481167, 0.46050820682018756],
 [2, 18, 0.1, 0.0021611226829136515, 1.9122328140691274, 0.7646389454948491],
 [2, 18, 1, 0.0743537669512068, 7.047744884126274, 1.4632474978548007],
 [2, 19, 0.01, 0.0025079390063290396, 2.6869555751535277, 1.17680249081341],
 [2, 19, 0.1, 0.00183856617567863, 2.2926741162882234, 0.9904537394775931],
 [2, 19, 1, 0.06577413172799944, 5.998892790304705, 2.120251773553487],
 [2, 20, 0.01, 0.0014098604046385655, 2.5692536744875505, 1.046625737547223],
 [2, 20, 0.1, 0.0023058710663629452, 3.08035571967217, 1.0927779912733186],
 [5, 0, 0.01, 0.4071166602444095, 0.5681796262093511, 0.4989159614874109],
 [5, 0, 0.1, 0.37153411676582204, 0.6264267430982808, 0.4981182851589449],
 [5, 0, 1, 1.2686202032132365, 1.8485942931787716, 1.6009520831836113],
 [5, 1, 0.01, 0.25351385252273684, 0.9499615328131252, 0.5728464749937683],
 [5, 1, 0.1, 0.2830341865226109, 1.008541459287709, 0.5924075019237807],
 [5, 1, 1, 0.644239383842357, 3.1102764948236805, 1.6895831058111923],
 [5, 2, 0.01, 0.11219678906762998, 0.9850250718699114, 0.37509729551394605],
 [5, 2, 0.1, 0.10329748229037003, 1.1970550850467352, 0.5658799967175608],
 [5, 2, 1, 0.5541177460651241, 3.124313782247656, 1.4775410265818067],
 [5, 3, 0.01, 0.05777440949693351, 0.66550280801063, 0.22032263931103338],
 [5, 3, 0.1, 0.07829610436944702, 0.4611766416569575, 0.18448177608692579],
 [5, 3, 1, 0.5287065446069349, 1.7568797860779022, 1.2072525780029926],
 [5, 4, 0.01, 0.037485632988337375, 0.4680062291556773, 0.16965753522082644],
 [5, 4, 0.1, 0.04544155523502659, 0.864189692278941, 0.25223342715080965],
 [5, 4, 1, 0.5519327790473981, 2.051595152145528, 1.125876917528389],
 [5, 5, 0.01, 0.038073668659245316, 1.2622788493629031, 0.3015400056134426],
 [5, 5, 0.1, 0.04146667043063862, 0.7023460734393774, 0.20218616776877826],
 [5, 5, 1, 0.4937587218726723, 4.52651992044857, 1.4268456436941739],
 [5, 6, 0.01, 0.05701292977197546, 0.27486351777902734, 0.12930557520865424],
 [5, 6, 0.1, 0.0420743701213981, 0.5991440194765363, 0.17416408887072435],
 [5, 6, 1, 0.32212135965630856, 3.1833640683611635, 1.149822388204807],
 [5, 7, 0.01, 0.031896513682868013, 0.4484789991071196, 0.18235430167018055],
 [5, 7, 0.1, 0.04840558554126775, 0.6627313615921252, 0.155850616096897],
 [5, 7, 1, 0.339772586307004, 3.127646070293322, 1.1685784158524806],
 [5, 8, 0.01, 0.0325644732390019, 0.7195990204350188, 0.1887505144037835],
 [5, 8, 0.1, 0.041861992096698344, 0.48537628056163457, 0.24742978547358008],
 [5, 8, 1, 0.7394015253965571, 3.833689497768579, 1.2079272366592977],
 [5, 9, 0.01, 0.028552566642672566, 0.5398194371311008, 0.20543839313893522],
 [5, 9, 0.1, 0.034549282218431995, 0.6507932007985109, 0.19992960154257722],
 [5, 9, 1, 0.3969702472966974, 2.478452692281819, 1.2658773012722675],
 [5, 10, 0.01, 0.031085456215611318, 1.1404663459017679, 0.18787353735897955],
 [5, 10, 0.1, 0.03475737083542478, 1.089627213334695, 0.23209048954106096],
 [5, 10, 1, 0.4038983714734504, 4.727139261598796, 1.3756644444593067],
 [5, 11, 0.01, 0.03176674471774631, 0.8700983902258173, 0.1908768538835212],
 [5, 11, 0.1, 0.0369521615434122, 0.892770716232867, 0.21629451754350917],
 [5, 11, 1, 0.48404564846195974, 2.855237154254053, 1.3182474321848943],
 [5, 12, 0.01, 0.032991677632448244, 0.9207310576670974, 0.2014485874711482],
 [5, 12, 0.1, 0.03447653637361721, 1.034729179175012, 0.2436811400588191],
 [5, 12, 1, 0.48568168006957874, 5.145335570746907, 1.2578196866072755],
 [5, 13, 0.01, 0.032879847026394834, 0.512501607264871, 0.1691858784150942],
 [5, 13, 0.1, 0.04637401616322515, 1.1243298813388898, 0.1944542225441562],
 [5, 13, 1, 0.4107519273491128, 4.519913178069095, 1.4668584103081066],
 [5, 14, 0.01, 0.027636431098254387, 0.6702469521479643, 0.2403449497692509],
 [5, 14, 0.1, 0.03325312641133246, 1.4176503466344839, 0.26766214537615557],
 [5, 14, 1, 0.4080930305755735, 2.7473812318002806, 1.1803400110993312],
 [5, 15, 0.01, 0.03646855613345719, 0.7048242831368592, 0.19573062294847715],
 [5, 15, 0.1, 0.03780443924010994, 1.4697676682086533, 0.21129413343049291],
 [5, 15, 1, 0.5029245226756008, 4.65882449916216, 1.1428770202976086],
 [5, 16, 0.01, 0.03529307449898962, 0.9435021643735502, 0.20146347251440416],
 [5, 16, 0.1, 0.03235482234204577, 0.8565544371312537, 0.2354618259411938],
 [5, 16, 1, 0.46046392436191586, 4.657409300922568, 1.263573100509505],
 [5, 17, 0.01, 0.026862984707488907, 1.0538049530169582, 0.2080355821098822],
 [5, 17, 0.1, 0.029564564097251462, 1.0466677820256325, 0.23419719000553044],
 [5, 17, 1, 0.37327310004677783, 2.6722506594601, 1.33976804664478],
 [5, 18, 0.01, 0.027966730654021922, 0.822836340427272, 0.30425671838853574],
 [5, 18, 0.1, 0.03791481656495531, 1.6129848231800452, 0.2430810887130335],
 [5, 18, 1, 0.36192370374906824, 8.530502573248663, 1.7845822078766902],
 [5, 19, 0.01, 0.046194950762643745, 0.5889227000277806, 0.1842131460493666],
 [5, 19, 0.1, 0.0374426253558987, 1.77491260373381, 0.23208916874739782],
 [5, 19, 1, 0.43469791197431296, 4.747211746288423, 1.1860840407087294],
 [5, 20, 0.01, 0.024466948937491993, 1.0147691449650398, 0.24377125010907716],
 [5, 20, 0.1, 0.03831967346783207, 1.3470603390391545, 0.3269167789375633],
 [5, 20, 1, 0.5650560191133982, 3.791971982508695, 1.2544838235951763],
 [10, 0, 0.01, 0.395087373200959, 0.5805712935449721, 0.5113370339551842],
 [10, 0, 0.1, 0.45594237283485645, 0.5590157071438314, 0.5037203533459542],
 [10, 0, 1, 1.402396171118797, 1.63642259360184, 1.5847337291305286],
 [10, 1, 0.01, 0.4301879426442564, 0.6910286829877405, 0.5092662192194817],
 [10, 1, 0.1, 0.3538015677120451, 0.7058971940194222, 0.5130194366199149],
 [10, 1, 1, 1.133835354772038, 1.818495318570022, 1.3467767541725542],
 [10, 2, 0.01, 0.18003713253612436, 0.3700783328610017, 0.2638323238270537],
 [10, 2, 0.1, 0.1819061347308048, 0.31591416357922014, 0.26592115191559523],
 [10, 2, 1, 0.9883850156184624, 1.8389138315762632, 1.301810278344756],
 [10, 3, 0.01, 0.07605256119278717, 0.26647861370421994, 0.11997984817593754],
 [10, 3, 0.1, 0.08616095704214585, 0.2276515182777755, 0.14567027534682517],
 [10, 3, 1, 0.7447282847564966, 1.671072678601556, 1.1548416035295803],
 [10, 4, 0.01, 0.0617798110492961, 0.14637357068019724, 0.0879295051856335],
 [10, 4, 0.1, 0.06498398898946536, 0.19223457199528998, 0.11509442310626392],
 [10, 4, 1, 0.8522347828087542, 1.6078794518828263, 1.212537997212944],
 [10, 5, 0.01, 0.060664308988192125, 0.1762339486491376, 0.11170498467655056],
 [10, 5, 0.1, 0.06966187070715044, 0.18148994139856106, 0.1183217106243324],
 [10, 5, 1, 0.7788297089406371, 1.52949265362875, 1.1142123223328277],
 [10, 6, 0.01, 0.06364970151618003, 0.1998811298935854, 0.13121703027289758],
 [10, 6, 0.1, 0.07164873256886015, 0.24911084576222403, 0.13206905083920917],
 [10, 6, 1, 0.76349085764678, 1.5392376082563033, 1.1147584176759266],
 [10, 7, 0.01, 0.05970533228112192, 0.24347540823605937, 0.12916322564744417],
 [10, 7, 0.1, 0.06783349645969483, 0.2653557245567305, 0.17400685959041368],
 [10, 7, 1, 0.7307742431026067, 1.690158173349111, 1.178777939393076],
 [10, 8, 0.01, 0.05569187054236433, 0.34614995175342017, 0.13977939889202376],
 [10, 8, 0.1, 0.07457421480950373, 0.3456193596303224, 0.14401025764729797],
 [10, 8, 1, 0.6272244034579864, 1.9343769940054023, 1.2128100031110611],
 [10, 9, 0.01, 0.06111880549243631, 0.32979120431808095, 0.17370748364977057],
 [10, 9, 0.1, 0.07731712583168002, 0.23680998497550138, 0.13333104558895267],
 [10, 9, 1, 0.6324563535168359, 2.0724713128608623, 1.1773172808568146],
 [10, 10, 0.01, 0.06616906789515234, 0.21114634526660186, 0.129269231384428],
 [10, 10, 0.1, 0.07014110218210126, 0.3408332718032505, 0.15601290192946013],
 [10, 10, 1, 0.7123860686889985, 2.082077800811184, 1.2708870654340867],
 [10, 11, 0.01, 0.05610814427641443, 0.3265475597667992, 0.17814995602510791],
 [10, 11, 0.1, 0.06613562328647707, 0.48146288015083877, 0.21116144917465568],
 [10, 11, 1, 0.7215353030057681, 2.0091822892087032, 1.1804184465463496],
 [10, 12, 0.01, 0.061144185146869964, 0.30126395391155375, 0.20211056469712194],
 [10, 12, 0.1, 0.05997577475999215, 0.33658570001393756, 0.1353738993437553],
 [10, 12, 1, 0.6516274228918395, 1.517268579795844, 1.0668322252696598],
 [10, 13, 0.01, 0.04706655680937994, 0.40067911238762627, 0.1732853843419103],
 [10, 13, 0.1, 0.061982761120779196, 0.32840896794273666, 0.14073447790836013],
 [10, 13, 1, 0.7292352266294582, 2.6933548326012886, 1.258824023783978],
 [10, 14, 0.01, 0.051673530842609096, 0.23364425207840825, 0.10855175735878773],
 [10, 14, 0.1, 0.05371231635319172, 0.7588021582869937, 0.1756518261093005],
 [10, 14, 1, 0.7684636529461335, 1.7372703781603405, 1.066689039477127],
 [10, 15, 0.01, 0.05552863388120256, 0.3912131056913366, 0.173487131945892],
 [10, 15, 0.1, 0.05951565601555351, 0.4244868134278638, 0.20766866141720136],
 [10, 15, 1, 0.7008687669822309, 3.1536794859267436, 1.66156563892687],
 [10, 16, 0.01, 0.04830756008839006, 0.39317470878947447, 0.1782192512694794],
 [10, 16, 0.1, 0.052651506942747804, 0.576828009011027, 0.27648461950579983],
 [10, 16, 1, 0.6370744915270828, 2.3246867385344303, 1.0923116349953068],
 [10, 17, 0.01, 0.050360839483574595, 0.31161938033153735, 0.13292551299888167],
 [10, 17, 0.1, 0.05440584462400251, 0.4947764489921479, 0.1833230908159591],
 [10, 17, 1, 0.6109394854680377, 3.261316595931363, 1.2947036114776802],
 [10, 18, 0.01, 0.04664144760900936, 0.35673168602403627, 0.12924390352614298],
 [10, 18, 0.1, 0.048796987979732545, 0.5628779586965773, 0.13849704671668073],
 [10, 18, 1, 0.9102116355506358, 2.1064457501923335, 1.2555009496527831],
 [10, 19, 0.01, 0.04242392932632123, 0.6241205427401525, 0.28838222552570153],
 [10, 19, 0.1, 0.054291238579387294, 0.43068846484117895, 0.10895415010038777],
 [10, 19, 1, 0.7628132228421138, 3.6909840570239694, 1.4807041076205643],
 [10, 20, 0.01, 0.045349984207330135, 0.45969857561614297, 0.17631561711073143],
 [10, 20, 0.1, 0.05323229409584852, 0.61344367353662, 0.22602494595566255],
 [10, 20, 1, 0.7228026829861034, 2.8528503386992674, 1.1319348217516345],
 [20, 0, 0.01, 0.49120864409942594, 0.5221558599027708, 0.5075755301785511],
 [20, 0, 0.1, 0.4641114225420114, 0.5412009257775866, 0.5127280883210515],
 [20, 0, 1, 1.4101999356858312, 1.5687963012462594, 1.382989511663121],
 [20, 1, 0.01, 0.4331621638528628, 0.5456635112303412, 0.4799296941849316],
 [20, 1, 0.1, 0.4278988371320045, 0.5834106543286095, 0.493581058226666],
 [20, 1, 1, 1.2970436575739857, 1.6386371439259952, 1.4982104329241608],
 [20, 2, 0.01, 0.18533142007313283, 0.23828794885506296, 0.22103168179243793],
 [20, 2, 0.1, 0.20234813930028794, 0.255233998696289, 0.226543799494239],
 [20, 2, 1, 1.0786068052229165, 1.3437091678278896, 1.1053462437219659],
 [20, 3, 0.01, 0.07674609278445274, 0.09735441043504765, 0.08560560866623208],
 [20, 3, 0.1, 0.08541808506438352, 0.10775614377835581, 0.09173000775020611],
 [20, 3, 1, 0.8674801621506424, 1.2895518667905823, 1.0980344026238085],
 [20, 4, 0.01, 0.06637699405430408, 0.08509495327327413, 0.07125125680733632],
 [20, 4, 0.1, 0.07227286382667193, 0.14177333224191993, 0.09967103278447677],
 [20, 4, 1, 0.9876234111719159, 1.205872865309821, 1.0587468167614285],
 [20, 5, 0.01, 0.0779348555873112, 0.11259027590845636, 0.0950698714389818],
 [20, 5, 0.1, 0.07636535435193305, 0.1622743159995251, 0.10831379471969946],
 [20, 5, 1, 0.8813135990301129, 1.2358784581788345, 1.1037451569298065],
 [20, 6, 0.01, 0.07979239940632593, 0.1341055818530583, 0.1125484358740234],
 [20, 6, 0.1, 0.08304932980868876, 0.17315446869324855, 0.1182875062638881],
 [20, 6, 1, 0.9420436432164628, 1.4124994600093355, 1.212088505625982],
 [20, 7, 0.01, 0.08026664072339514, 0.17944505794671234, 0.12125449770393276],
 [20, 7, 0.1, 0.09217329023754817, 0.1812637444463659, 0.12363670690749769],
 [20, 7, 1, 0.879135745479952, 1.4582738241578108, 1.202766704641655],
 [20, 8, 0.01, 0.08697500056785487, 0.17269453463275322, 0.12432309337105008],
 [20, 8, 0.1, 0.0927933670652695, 0.1926851634316667, 0.13263723310186962],
 [20, 8, 1, 0.9178133586907492, 1.4403082094364945, 1.1749481995334168],
 [20, 9, 0.01, 0.08099855871081632, 0.12716448757367013, 0.10203398980983619],
 [20, 9, 0.1, 0.08171795332820504, 0.2359828127798524, 0.15214567495608936],
 [20, 9, 1, 0.7345136266363385, 1.3424669469599886, 1.1010807652537185],
 [20, 10, 0.01, 0.0690171635108386, 0.19184836786394435, 0.11085652827756756],
 [20, 10, 0.1, 0.08312764888960747, 0.15547002755567793, 0.121381597977861],
 [20, 10, 1, 0.8180303694692131, 1.3270522537125475, 1.079743932024997],
 [20, 11, 0.01, 0.06593808769614004, 0.22421605279174414, 0.1417830720384885],
 [20, 11, 0.1, 0.07104509516570467, 0.18207200703106227, 0.10434609690899263],
 [20, 11, 1, 0.7626077064739113, 1.309877213076896, 1.0336852824691471],
 [20, 12, 0.01, 0.057352566139124116, 0.2735805168933842, 0.12435757987762887],
 [20, 12, 0.1, 0.07212557848684734, 0.1195660664364993, 0.08998351714581626],
 [20, 12, 1, 0.8147588405861812, 1.4580364813530375, 1.110610073822046],
 [20, 13, 0.01, 0.05929481740458102, 0.19450772048268095, 0.10464813267852281],
 [20, 13, 0.1, 0.07024961131613457, 0.22942440480320742, 0.11980824944866546],
 [20, 13, 1, 0.9130331629704516, 1.2979518117703825, 1.1200212471332394],
 [20, 14, 0.01, 0.05438181286456406, 0.18061087931749917, 0.0888381772973868],
 [20, 14, 0.1, 0.06320572697785426, 0.16072141535373496, 0.0873070908334144],
 [20, 14, 1, 0.8946170301390163, 1.3505114397762734, 1.111796569765854],
 [20, 15, 0.01, 0.05103854107298381, 0.18908079111811066, 0.09226086748953477],
 [20, 15, 0.1, 0.05956686794062503, 0.22397773995761172, 0.11252172322891088],
 [20, 15, 1, 0.8784000374212283, 1.510501893068294, 1.1329757355808714],
 [20, 16, 0.01, 0.05358641259830345, 0.0863727931067982, 0.06097327292064793],
 [20, 16, 0.1, 0.061243435309742855, 0.34976423937523193, 0.1458954392267163],
 [20, 16, 1, 0.8272260057632049, 1.5017215300328206, 1.1609035687691107],
 [20, 17, 0.01, 0.053924924421472245, 0.14163086978215395, 0.07112799801925825],
 [20, 17, 0.1, 0.06165710575317011, 0.14667435429303388, 0.08524931049229331],
 [20, 17, 1, 0.893464337182519, 1.280934069047635, 1.0563228531538764],
 [20, 18, 0.01, 0.05669822060542247, 0.23616242770437396, 0.10365430526098053],
 [20, 18, 0.1, 0.05603336952365658, 0.18195374407254564, 0.0775095235297311],
 [20, 18, 1, 0.866678256379456, 1.373071847513359, 1.025144831307409],
 [20, 19, 0.01, 0.055104245519782144, 0.18787947774850192, 0.09112760368597173],
 [20, 19, 0.1, 0.05803535946163031, 0.12210924391496181, 0.07346162874692512],
 [20, 19, 1, 0.8147215881539029, 1.3691252444759066, 1.1094646290564414],
 [20, 20, 0.01, 0.04848509763386694, 0.21391571262486941, 0.06885486184284582],
 [20, 20, 0.1, 0.059485722818575705, 0.16148593298726419, 0.08246656301141864],
 [20, 20, 1, 0.8761557087591614, 1.4969732690189692, 1.1112931093076672],
 [50, 0, 0.01, 0.5043199035266561, 0.5082952722740617, 0.5257915947175729],
 [50, 0, 0.1, 0.5015941525532461, 0.5189226194134904, 0.5301891949547523],
 [50, 0, 1, 1.4373127266912886, 1.5484912611308828, 1.4730644735855671],
 [50, 1, 0.01, 0.47207474598767696, 0.5361273881675455, 0.5066846025189458],
 [50, 1, 0.1, 0.48349860009180556, 0.5381422270528601, 0.5123199374508031],
 [50, 1, 1, 1.3788121431011822, 1.5640354984280462, 1.4788477731554068],
 [50, 2, 0.01, 0.19175571268453656, 0.20602342339456076, 0.2009737097513405],
 [50, 2, 0.1, 0.2043907466159381, 0.22477660824930634, 0.21180060500561654],
 [50, 2, 1, 1.127518410403928, 1.270613241543527, 1.1491845234808744],
 [50, 3, 0.01, 0.07275613608730885, 0.08499374175670377, 0.08060622328943544],
 [50, 3, 0.1, 0.08374481948982947, 0.09144194730704139, 0.08963101329792592],
 [50, 3, 1, 0.9611961661950076, 1.1533594828944476, 1.1066675055735649],
 [50, 4, 0.01, 0.07117812275407741, 0.08067793054457097, 0.07363243652958344],
 [50, 4, 0.1, 0.07612937204455864, 0.09111450288631812, 0.09078557448527273],
 [50, 4, 1, 1.1007693511156822, 1.1814818383940449, 1.1422000789711253],
 [50, 5, 0.01, 0.07965219610975505, 0.10048858572293215, 0.09455132624988813],
 [50, 5, 0.1, 0.09002636344372311, 0.11717584733565482, 0.1051810312391974],
 [50, 5, 1, 1.0639287156699988, 1.1706315622669092, 1.127612278082922],
 [50, 6, 0.01, 0.09481973477015146, 0.11263722714187796, 0.10683524572223746],
 [50, 6, 0.1, 0.10034022329944056, 0.12227511234293956, 0.11563333334396148],
 [50, 6, 1, 0.9340923255423368, 1.1891756894924101, 1.0975228617285524],
 [50, 7, 0.01, 0.09494824902932614, 0.11972245412833867, 0.10478435665040867],
 [50, 7, 0.1, 0.10565045139745335, 0.1355419686014684, 0.11331469910987116],
 [50, 7, 1, 1.0981459690811273, 1.1775311419428305, 1.0701991386047152],
 [50, 8, 0.01, 0.08983677153122124, 0.11227641199608814, 0.10860654946762006],
 [50, 8, 0.1, 0.10015867259547981, 0.13356727688427053, 0.1172556170467805],
 [50, 8, 1, 1.0195099066029714, 1.2207179590536608, 1.0771272100901104],
 [50, 9, 0.01, 0.08568774446955224, 0.11729671121915053, 0.09769267064627629],
 [50, 9, 0.1, 0.09314845903743191, 0.11157379074100524, 0.10266778389254884],
 [50, 9, 1, 0.936396949925328, 1.2069612584787548, 1.1660435998704295],
 [50, 10, 0.01, 0.07704535939965382, 0.0879445447688792, 0.08194908917776722],
 [50, 10, 0.1, 0.08759675810661792, 0.10624293272728869, 0.10297235063750493],
 [50, 10, 1, 0.9550988135116748, 1.1647225447755676, 1.1163013007467513],
 [50, 11, 0.01, 0.06856396463232105, 0.09573831722305495, 0.07782628444420438],
 [50, 11, 0.1, 0.08083615339624098, 0.09932078628090613, 0.09014965549275702],
 [50, 11, 1, 0.9638212377297274, 1.174374719561337, 1.1168242951843037],
 [50, 12, 0.01, 0.06027473559998693, 0.07670953296067383, 0.06630949939637734],
 [50, 12, 0.1, 0.07379135994771602, 0.08316150666449774, 0.07650186710426875],
 [50, 12, 1, 0.9644561902577887, 1.2334161383575535, 1.1308822822820173],
 [50, 13, 0.01, 0.05950841360936793, 0.10160288348096189, 0.07211996689312009],
 [50, 13, 0.1, 0.06375402358583772, 0.07559937528622027, 0.07090199406357314],
 [50, 13, 1, 0.9202220412253117, 1.0973906994525695, 1.1220261765066502],
 [50,
  14,
  0.01,
  0.05355717875729428,
  0.060780974532695854,
  0.056572221850240696],
 [50, 14, 0.1, 0.06448010797970441, 0.10067627307787012, 0.07540472085095509],
 [50, 14, 1, 0.9773005240691515, 1.137116044862455, 1.0239246909991613],
 [50,
  15,
  0.01,
  0.051779538686565665,
  0.06015917356562741,
  0.053255629267103186],
 [50, 15, 0.1, 0.06395328698722631, 0.08332939154845581, 0.0743268245026733],
 [50, 15, 1, 0.9389158342828929, 1.1228862726234259, 1.0524609578816162],
 [50,
  16,
  0.01,
  0.047943270838774824,
  0.05606509330808061,
  0.052816019021068576],
 [50, 16, 0.1, 0.062221759050438086, 0.07831586078326944, 0.0674659889997501],
 [50, 16, 1, 0.95769755401801, 1.1387264881642045, 0.9770261851813653],
 [50,
  17,
  0.01,
  0.052061506776780994,
  0.06166125576213978,
  0.059871262011327336],
 [50, 17, 0.1, 0.05852386316567826, 0.07478453964839202, 0.060906263981768835],
 [50, 17, 1, 0.9157602990479804, 1.100310763174107, 1.0196497231493826],
 [50, 18, 0.01, 0.04872347779309325, 0.05820864278960859, 0.05542543602438716],
 [50, 18, 0.1, 0.053990386905942475, 0.06595526058223924, 0.06180515411915345],
 [50, 18, 1, 0.975671782434745, 1.1880339055598081, 1.024293446013324],
 [50, 19, 0.01, 0.05001272149906829, 0.09466882650430869, 0.05435701534864272],
 [50, 19, 0.1, 0.060325943670918314, 0.07280841308822011, 0.062239836855909655],
 [50, 19, 1, 0.9141951127839893, 1.148689561635868, 1.0488042709343948],
 [50, 20, 0.01, 0.04984008727744281, 0.058413263854253696, 0.0539735865180259],
 [50, 20, 0.1, 0.05832685683403936, 0.06803819145530125, 0.06528704724852787],
 [50, 20, 1, 0.9576130715794715, 1.158833526642355, 1.0835757975148652],
 [100, 0, 0.01, 0.486776487612499, 0.5101724555116856, 0.5245142367514827],
 [100, 0, 0.1, 0.5096810888674372, 0.516395870060813, 0.49894156159526964],
 [100, 0, 1, 1.5236086902908696, 1.5180295069799288, 1.453598309753842],
 [100, 1, 0.01, 0.48519905207775266, 0.5175684857777441, 0.49611502148213327],
 [100, 1, 0.1, 0.4980889536504747, 0.5275471834469366, 0.4996673804580994],
 [100, 1, 1, 1.4200598724378255, 1.5722220886569749, 1.5436468035862139],
 [100, 2, 0.01, 0.19515580993181614, 0.20281752146077975, 0.2046997206476387],
 [100, 2, 0.1, 0.20423368172010412, 0.2125041240260887, 0.2047693250498274],
 [100, 2, 1, 1.1610167175934982, 1.1913419063742823, 1.2002032369525213],
 [100, 3, 0.01, 0.0776150897441003, 0.08023929285911888, 0.07650630537126593],
 [100, 3, 0.1, 0.08668019712197177, 0.08971103458680871, 0.08657314852637192],
 [100, 3, 1, 1.0648270166125005, 1.0856589465343722, 1.03472824407942],
 [100, 4, 0.01, 0.07176842355753672, 0.07763460427990425, 0.07446713410979126],
 [100, 4, 0.1, 0.0815541070059063, 0.08841068550070452, 0.08616209353038977],
 [100, 4, 1, 1.0964999888870648, 1.0940954545693846, 1.0934143197296768],
 [100, 5, 0.01, 0.0900793800600118, 0.09452923339810586, 0.09315566531361638],
 [100, 5, 0.1, 0.09772825169160958, 0.10678953427122584, 0.10178090475031609],
 [100, 5, 1, 1.0344410057190099, 1.1365907213988422, 1.091445707234191],
 [100, 6, 0.01, 0.09562864632627122, 0.10551763877184309, 0.10345815155832978],
 [100, 6, 0.1, 0.1093659956014974, 0.11704877404636009, 0.11143119216615176],
 [100, 6, 1, 1.025670903493689, 1.1383889401317866, 1.0267970623034417],
 [100, 7, 0.01, 0.10050298108546274, 0.11046207376027806, 0.10002300646791688],
 [100, 7, 0.1, 0.11036944890716094, 0.1182554413824826, 0.11462277615562731],
 [100, 7, 1, 1.098511997896321, 1.1616298936312885, 1.0992346386264187],
 [100, 8, 0.01, 0.09472743777321616, 0.10274100293267574, 0.10008400193109918],
 [100, 8, 0.1, 0.10439068385995995, 0.10853281726998161, 0.1059593330592053],
 [100, 8, 1, 1.058892756924037, 1.133087244093002, 1.1641569430808698],
 [100, 9, 0.01, 0.08620306955846925, 0.09431682033286236, 0.0906165534667039],
 [100, 9, 0.1, 0.09640284128171975, 0.10315289893995327, 0.09610331559104186],
 [100, 9, 1, 1.0161466677006112, 1.1389954474707313, 0.9848807128085777],
 [100, 10, 0.01, 0.07690213874983821, 0.08273669111873931, 0.08040128358666429],
 [100, 10, 0.1, 0.08795613050086588, 0.10143309468961807, 0.08923768800970404],
 [100, 10, 1, 1.0100368836346258, 1.1119046592744373, 0.9856701857773273],
 [100, 11, 0.01, 0.07018368229548796, 0.07966163110020869, 0.07545478982721977],
 [100, 11, 0.1, 0.0786693317301517, 0.08475533079443379, 0.08186999935440498],
 [100, 11, 1, 1.0062127743041813, 1.1174005694947096, 1.0632963899325174],
 [100, 12, 0.01, 0.06176687409376177, 0.06716058138785022, 0.06592240560869571],
 [100, 12, 0.1, 0.07159978769853059, 0.07700754360758391, 0.06981464596428487],
 [100, 12, 1, 0.9921198547075261, 1.0938543590433845, 1.0441475701858582],
 [100, 13, 0.01, 0.05873913025361068, 0.06584820642135306, 0.06424094430164931],
 [100, 13, 0.1, 0.06639195758059402, 0.07390573696035235, 0.06933695032044036],
 [100, 13, 1, 0.9866236805304627, 1.0948198772578732, 1.0268819801975584],
 [100,
  14,
  0.01,
  0.053954938217356474,
  0.05665991471183934,
  0.05700460115997454],
 [100, 14, 0.1, 0.06319374614116445, 0.06733430552522626, 0.06406165842250586],
 [100, 14, 1, 1.0212271279660554, 1.1008449647814729, 1.0611798462209925],
 [100,
  15,
  0.01,
  0.05060223927345574,
  0.05171500185112623,
  0.051090242616145136],
 [100, 15, 0.1, 0.060267349201074794, 0.0632301627537218, 0.059606838969056504],
 [100, 15, 1, 1.0420889914272258, 1.1153298118226886, 1.0224158988837275],
 [100,
  16,
  0.01,
  0.04929366819161092,
  0.05311988299144006,
  0.048475197286772034],
 [100, 16, 0.1, 0.05861721287439568, 0.06310429341450308, 0.0630237118515225],
 [100, 16, 1, 1.03458462952735, 1.092494954618489, 1.1041253898729302],
 [100, 17, 0.01, 0.04729531379292312, 0.04887937844531238, 0.04873436934111613],
 [100, 17, 0.1, 0.05789094880355185, 0.06216327040015516, 0.059829462260529],
 [100, 17, 1, 1.0227759736110784, 1.0793196780095144, 1.0938281356936437],
 [100, 18, 0.01, 0.04770732028803297, 0.04985759183573215, 0.04956848077854507],
 [100,
  18,
  0.1,
  0.056415745255416996,
  0.060938595540165695,
  0.057176092996364995],
 [100, 18, 1, 1.0132091275789037, 1.0848887108330005, 1.019711000220905],
 [100,
  19,
  0.01,
  0.04826456295271571,
  0.05208782188537845,
  0.049403453404901314],
 [100, 19, 0.1, 0.059391448491443996, 0.06434206864150178, 0.06303194712137777],
 [100, 19, 1, 1.0410958862114774, 1.0981523343553774, 1.0616333212503075],
 [100,
  20,
  0.01,
  0.04893916469102867,
  0.05177851261063164,
  0.049643265559552376],
 [100, 20, 0.1, 0.057248159342731995, 0.06375194133189954, 0.05979935996806002],
 [100, 20, 1, 1.0189172809676486, 1.0875570136927035, 1.0700012883535626],
 [200, 0, 0.01, 0.4953661546659938, 0.5038778505730697, 0.4927540052761242],
 [200, 0, 0.1, 0.5026870809058972, 0.5140755737244082, 0.5354485596603331],
 [200, 0, 1, 1.4986545669151279, 1.5236225646586417, 1.4462266744937189],
 [200, 1, 0.01, 0.4946860159600696, 0.5093048120926891, 0.48115247130046346],
 [200, 1, 0.1, 0.5013355314873491, 0.5143256188864097, 0.5011660995433859],
 [200, 1, 1, 1.5392554298688397, 1.5258882588607283, 1.4624006560011804],
 [200, 2, 0.01, 0.19266325706233403, 0.19961520944122668, 0.19473191862927097],
 [200, 2, 0.1, 0.20159834610110985, 0.20001566881571065, 0.19775139780410225],
 [200, 2, 1, 1.1816713741424476, 1.218268345043049, 1.1663467455960836],
 [200, 3, 0.01, 0.0763179351371424, 0.07876518796985141, 0.07798537562937752],
 [200, 3, 0.1, 0.08519522101036818, 0.08791266719206162, 0.08480602818865082],
 [200, 3, 1, 1.0790867579816386, 1.09215638210553, 1.0390585876091174],
 [200, 4, 0.01, 0.07604362053500009, 0.07665970001843743, 0.07613512861652445],
 [200, 4, 0.1, 0.08680312023352696, 0.0872477207535964, 0.08396754025054166],
 [200, 4, 1, 1.065403135600102, 1.0855216063487614, 1.0629239428612802],
 [200, 5, 0.01, 0.08755227090620793, 0.09288736913773732, 0.09102618651733879],
 [200, 5, 0.1, 0.0997958206256625, 0.10373376308136065, 0.09425043411974676],
 [200, 5, 1, 1.0568012324268805, 1.0969612751976718, 1.0773548551368461],
 [200, 6, 0.01, 0.09899023145090007, 0.10408354349057991, 0.10258009069636587],
 [200, 6, 0.1, 0.10804216048009911, 0.11234741443537377, 0.1152858900814577],
 [200, 6, 1, 1.0409212185398116, 1.1301473018798542, 1.115238204639559],
 [200, 7, 0.01, 0.09902278638201548, 0.10443626133979286, 0.10734534715383964],
 [200, 7, 0.1, 0.11003383672456594, 0.11367534981350394, 0.10847367851009733],
 [200, 7, 1, 1.0555425591207745, 1.1197838515118923, 1.1974378174616178],
 [200, 8, 0.01, 0.0964871488634619, 0.10015638554982073, 0.09390916199627651],
 [200, 8, 0.1, 0.1058634386310536, 0.10748068875579779, 0.10959168766969694],
 [200, 8, 1, 1.0839701840206408, 1.11550541942647, 1.0103013810718102],
 [200, 9, 0.01, 0.08786112928452296, 0.09159825667010711, 0.09497040094673037],
 [200, 9, 0.1, 0.09628801341143345, 0.099912097310713, 0.09957487119485463],
 [200, 9, 1, 1.054350756539925, 1.1024081807245971, 1.0800044072702324],
 [200, 10, 0.01, 0.07788330943223161, 0.07975950551066341, 0.08017313203290993],
 [200, 10, 0.1, 0.08794666272485117, 0.09199841968310322, 0.09240658920384126],
 [200, 10, 1, 1.0479712413074327, 1.1151470759412325, 0.976955360776352],
 [200, 11, 0.01, 0.06961477910704725, 0.07267442288217302, 0.07073004760671435],
 [200, 11, 0.1, 0.0793794977982044, 0.08334071967055665, 0.08247336038567196],
 [200, 11, 1, 1.0785297093069381, 1.0780690631425522, 1.0157775546278875],
 [200, 12, 0.01, 0.0608893209705897, 0.06238510040099902, 0.061367275509193554],
 [200, 12, 0.1, 0.07390546931696336, 0.07775798329929973, 0.07833106927750036],
 [200, 12, 1, 1.0347253812906194, 1.0793531968039645, 1.0353243614744287],
 [200,
  13,
  0.01,
  0.05681780035349957,
  0.05716340023278534,
  0.053657223321108255],
 [200, 13, 0.1, 0.06603995419973636, 0.06858329677348463, 0.06636161608791528],
 [200, 13, 1, 1.0575957441533368, 1.0608726104821309, 1.036384397923495],
 [200, 14, 0.01, 0.05162970530760599, 0.05319041688311378, 0.05169460185688231],
 [200,
  14,
  0.1,
  0.061321540577404424,
  0.06276622671190002,
  0.059711167582306816],
 [200, 14, 1, 1.0355291151960293, 1.068466636527233, 1.0370361832191992],
 [200,
  15,
  0.01,
  0.05031795230481301,
  0.05203812588699156,
  0.053714461265280546],
 [200, 15, 0.1, 0.059903347959616174, 0.06103910190600381, 0.0639967980848046],
 [200, 15, 1, 1.0741719921757291, 1.0866062975716477, 1.0876959079955808],
 [200, 16, 0.01, 0.04853585916229575, 0.04982780839423999, 0.04663728771431052],
 [200, 16, 0.1, 0.058080548847353405, 0.06053700394326646, 0.05735806589444666],
 [200, 16, 1, 0.9743330673287799, 1.095566577169352, 0.9473876678746173],
 [200, 17, 0.01, 0.0478421077592272, 0.04996704780279203, 0.04846291147422564],
 [200, 17, 0.1, 0.058378565737744324, 0.05872925684295686, 0.05859410168614402],
 [200, 17, 1, 1.0406613279781565, 1.0661768425573688, 1.0904375335574719],
 [200,
  18,
  0.01,
  0.048826351034364515,
  0.049856013077259884,
  0.04919080589075437],
 [200, 18, 0.1, 0.058747902762784146, 0.06194550185130347, 0.05981840180871306],
 [200, 18, 1, 1.0142591586796148, 1.0603186018236572, 1.1026451051767574],
 [200, 19, 0.01, 0.04830705657462374, 0.05047100614079553, 0.04882745113493668],
 [200, 19, 0.1, 0.057173357865691964, 0.06057951667734322, 0.05811727832748178],
 [200, 19, 1, 1.029160443423094, 1.0674521165380022, 1.0511285486692503],
 [200, 20, 0.01, 0.05101635787593436, 0.05366972907939901, 0.05302410909211674],
 [200,
  20,
  0.1,
  0.060094968426471065,
  0.060946260366157246,
  0.061814873274470945],
 [200, 20, 1, 1.0288926564191176, 1.0825093398921974, 1.0362528476777833]]
