[[2, 1, 0.01, 0.13859301328034737, 0.7214983029595494, 0.5274860787680289],
 [2, 1, 0.1, 0.10333086990421228, 0.7792743890524576, 0.5086047420010257],
 [2, 1, 1, 0.10795218791264889, 2.25020008274952, 1.3049499412527703],
 [2, 2, 0.01, 0.14284424144640384, 0.7707418942010487, 0.49592109658753397],
 [2, 2, 0.1, 0.22183800394155173, 0.7388522901005452, 0.5365377066282475],
 [2, 2, 1, 0.1286300910902902, 2.4778996807179507, 2.219153575436765],
 [2, 3, 0.01, 0.1505271315347856, 0.7415706686429501, 0.533738047660306],
 [2, 3, 0.1, 0.12660559215049122, 0.75351782167938, 0.5377486310754499],
 [2, 3, 1, 0.15938104922670504, 4.150286918610815, 0.4905915856633717],
 [2, 4, 0.01, 0.19622355506930295, 0.675931125053675, 0.5096798806701986],
 [2, 4, 0.1, 0.18074630213146742, 0.7994918755370317, 0.4925863369863663],
 [2, 4, 1, 0.14805882091319308, 2.5215519958483226, 0.5867574643580667],
 [2, 5, 0.01, 0.09239069454250981, 0.6929464177282544, 0.4948968845505028],
 [2, 5, 0.1, 0.1408690885876521, 0.7320946157477649, 0.5112220331043444],
 [2, 5, 1, 0.2286545630972913, 2.542619035982611, 3.2190806078877654],
 [2, 6, 0.01, 0.1506769759414926, 0.6276373677104945, 0.47833845031607464],
 [2, 6, 0.1, 0.15167690330041425, 0.7755192201155326, 0.6616857333423157],
 [2, 6, 1, 0.19773735663811293, 2.2647652762690957, 0.524121837231713],
 [2, 7, 0.01, 0.1212440519872652, 0.7034628623235852, 0.488685344670203],
 [2, 7, 0.1, 0.20890414397632756, 0.6786107820860896, 0.4892271542545522],
 [2, 7, 1, 0.23269332409744772, 2.1246834290653505, 0.6982178132501659],
 [2, 8, 0.01, 0.14754263718721666, 0.6156027570149085, 0.46391987344905317],
 [2, 8, 0.1, 0.20806807514539383, 0.638132034169861, 0.46205949101500143],
 [2, 8, 1, 0.23541396078804513, 2.670436055546954, 3.700750479620985],
 [2, 9, 0.01, 0.16270259872351212, 0.667282872404406, 0.48477148411006415],
 [2, 9, 0.1, 0.19755556636909052, 0.6157693203309171, 0.45279612850320494],
 [2, 9, 1, 0.23218462373201648, 1.7336112501887537, 0.47340741427442423],
 [2, 10, 0.01, 0.1572534106900659, 0.6335507814907553, 0.4620473902196387],
 [2, 10, 0.1, 0.26676052798899313, 0.6245629657230721, 0.4714025200555411],
 [2, 10, 1, 0.29069685893739905, 1.2154561417876943, 1.2008025090073584],
 [2, 11, 0.01, 0.20292041238590888, 0.6193397992476134, 0.5011701166065974],
 [2, 11, 0.1, 0.2247622451641343, 0.5608572083700015, 0.4837098902973543],
 [2, 11, 1, 0.3281269645103785, 1.8454497569414112, 1.6629816577888634],
 [2, 12, 0.01, 0.20043582861351292, 0.5512038515323159, 0.4501646040967913],
 [2, 12, 0.1, 0.23367121468668736, 0.6049025434663673, 0.45864893367086584],
 [2, 12, 1, 0.40686696052932714, 2.704581076332497, 0.8132619126350896],
 [2, 13, 0.01, 0.2115467158109255, 0.5091653082401931, 0.45497329486803584],
 [2, 13, 0.1, 0.2176077593302931, 0.6037370891366665, 0.5434525855265081],
 [2, 13, 1, 0.27727310908510805, 1.3452636184379374, 1.0747991906851326],
 [2, 14, 0.01, 0.24753945283326234, 0.5315707318652174, 0.46214309230194056],
 [2, 14, 0.1, 0.15238733335477728, 0.6636476828159033, 0.5681829804108011],
 [2, 14, 1, 0.4523715239886664, 2.1001245785192677, 3.214967172912137],
 [2, 15, 0.01, 0.23949343383661964, 0.5332727527441407, 0.4669745563014297],
 [2, 15, 0.1, 0.23631330666499623, 0.5609373693127434, 0.4743445303743219],
 [2, 15, 1, 0.30185713955089993, 2.0453405088602614, 0.5282374129964812],
 [2, 16, 0.01, 0.21057294304938115, 0.5761317731789515, 0.48957358671388046],
 [2, 16, 0.1, 0.20504988502466218, 0.584496350661607, 0.4873395207556506],
 [2, 16, 1, 0.33915875576999926, 1.7929116428457867, 0.5169764924906733],
 [2, 17, 0.01, 0.25035732201324895, 0.5377361122447772, 0.4753664908086373],
 [2, 17, 0.1, 0.25131760855267843, 0.5976094730862502, 0.49841641045637664],
 [2, 17, 1, 0.34643980825791787, 2.4350221358347186, 0.6419906334824966],
 [2, 18, 0.01, 0.29182983189473405, 0.5316079374715752, 0.46497262692650687],
 [2, 18, 0.1, 0.31711004234828344, 0.5601543526825967, 0.4739128426710551],
 [2, 18, 1, 0.6766247587316246, 2.288292631562978, 0.6055808903610003],
 [2, 19, 0.01, 0.2864159676825333, 0.543050744854098, 0.4764312525908808],
 [2, 19, 0.1, 0.24101775501656744, 0.5411017026552728, 0.5310372319275056],
 [2, 19, 1, 0.7263038828433509, 2.3405567063579165, 0.5611856166560432],
 [2, 20, 0.01, 0.3317160669702953, 0.513896060984164, 0.47016788634269885],
 [2, 20, 0.1, 0.217296974129773, 0.5584495495061204, 0.49425211453783574],
 [2, 20, 1, 0.4887371863732504, 1.4213790963750639, 2.1033893972151514],
 [5, 1, 0.01, 0.3251034593252048, 0.6570341884667584, 0.5042864416347417],
 [5, 1, 0.1, 0.309403197997712, 0.7043938076738223, 0.505254383165519],
 [5, 1, 1, 0.33073056462095857, 2.9527547001686942, 0.8238658338146455],
 [5, 2, 0.01, 0.4023872634753781, 0.6114276589162841, 0.47364060642312067],
 [5, 2, 0.1, 0.3158464270182515, 0.5816831607572335, 0.48806964865053626],
 [5, 2, 1, 0.28078939111075424, 3.752777893884332, 2.5128140715163325],
 [5, 3, 0.01, 0.27692087175474106, 0.5976354339446613, 0.4630025098410132],
 [5, 3, 0.1, 0.2607221138700762, 0.6322775883642202, 0.48727117361782624],
 [5, 3, 1, 0.303966469810608, 3.2246230662891344, 11.911612010534691],
 [5, 4, 0.01, 0.33445696473753, 0.5610644528737772, 0.464011798386109],
 [5, 4, 0.1, 0.35432882388379566, 0.5436499109376169, 0.4672638104166451],
 [5, 4, 1, 0.40444866887830866, 2.4767935587904217, 8.383299758840007],
 [5, 5, 0.01, 0.29878729683943095, 0.6082607799924679, 0.5053537365438011],
 [5, 5, 0.1, 0.3129192439686015, 0.5767342499010488, 0.4650424071614341],
 [5, 5, 1, 0.3283819674483694, 3.4199489494255486, 0.5480484090877495],
 [5, 6, 0.01, 0.3154895158490691, 0.521228095805652, 0.45537412924585235],
 [5, 6, 0.1, 0.2727328490814505, 0.5874725908090973, 0.48573697024090634],
 [5, 6, 1, 0.3459086113320585, 2.5564581153191708, 0.5635291225758134],
 [5, 7, 0.01, 0.2816459985146721, 0.553629557420295, 0.44138746542874174],
 [5, 7, 0.1, 0.28923017587554456, 0.5367110645311498, 0.46887136962332737],
 [5, 7, 1, 0.3726306711290954, 1.942994000300158, 0.41163475499646784],
 [5, 8, 0.01, 0.26380283839100893, 0.5581967568987494, 0.4827532184865398],
 [5, 8, 0.1, 0.3414835307663517, 0.5325927618418519, 0.4747523277800817],
 [5, 8, 1, 0.31830888725558426, 3.6149994124603757, 4.594956596924897],
 [5, 9, 0.01, 0.3286017885693987, 0.5204613770738011, 0.4625480211928234],
 [5, 9, 0.1, 0.3318654798369087, 0.5305422482880194, 0.4671853612298754],
 [5, 9, 1, 0.3945875343581264, 2.758074718191202, 2.0118961514442297],
 [5, 10, 0.01, 0.28423073226309536, 0.4620469267928199, 0.42878455402734406],
 [5, 10, 0.1, 0.32975540537860937, 0.5666092297293417, 0.4737359172982145],
 [5, 10, 1, 0.36878142308861, 2.2419456566177516, 0.7841414364824084],
 [5, 11, 0.01, 0.3223016446838282, 0.5140156810951173, 0.43339973677638466],
 [5, 11, 0.1, 0.34148745401356134, 0.5200799984404407, 0.48441615917206754],
 [5, 11, 1, 0.43966887393255866, 1.4809006594991065, 1.1086776800658031],
 [5, 12, 0.01, 0.36152728594683137, 0.5057537429677545, 0.44851745678101895],
 [5, 12, 0.1, 0.32159846162762934, 0.5120178798209395, 0.44753219611752704],
 [5, 12, 1, 0.3663604339609722, 1.6590590662979714, 1.2896336407956783],
 [5, 13, 0.01, 0.33138007472687225, 0.5060998466219665, 0.4576594554748696],
 [5, 13, 0.1, 0.35269521496212913, 0.5269337773578687, 0.46285177049819476],
 [5, 13, 1, 0.5458442596109275, 2.352508342992558, 7.499165222324136],
 [5, 14, 0.01, 0.33753121694219007, 0.4787218319961606, 0.45111981914633564],
 [5, 14, 0.1, 0.39333298667920047, 0.48254787080916345, 0.4328601891447893],
 [5, 14, 1, 0.538834901725191, 1.779527144162385, 0.4744519937671237],
 [5, 15, 0.01, 0.26187779724622545, 0.5126960122194821, 0.48249540034629457],
 [5, 15, 0.1, 0.3599732390942193, 0.5347699224000608, 0.4854270817763072],
 [5, 15, 1, 0.4804965968120462, 1.918992055601937, 1.4385290042503789],
 [5, 16, 0.01, 0.34888095221575643, 0.5123791575596635, 0.44567877413888907],
 [5, 16, 0.1, 0.40321795634531465, 0.5238416202009295, 0.4714940846251212],
 [5, 16, 1, 0.43041075521411115, 1.7646483276649054, 1.6493489704536748],
 [5, 17, 0.01, 0.2899091217124692, 0.5299664704586716, 0.47230799599735385],
 [5, 17, 0.1, 0.3495533448954547, 0.5127211670143319, 0.4500910717792965],
 [5, 17, 1, 0.4748478898683072, 1.5079273764277874, 1.2715915564286124],
 [5, 18, 0.01, 0.30860988008819135, 0.49713436222117924, 0.4647504496875989],
 [5, 18, 0.1, 0.30306050723959443, 0.4909192598340453, 0.4393038490905216],
 [5, 18, 1, 0.6385354435835277, 2.24932947227786, 1.9383517903107068],
 [5, 19, 0.01, 0.3591523122993583, 0.5106588240769667, 0.4621195790587155],
 [5, 19, 0.1, 0.36183225683817943, 0.49426801436634815, 0.4499776250292839],
 [5, 19, 1, 0.6358531212346941, 1.6802365116929265, 0.6723222516825433],
 [5, 20, 0.01, 0.3713832951980811, 0.47787574520244247, 0.4340655940453355],
 [5, 20, 0.1, 0.375587780993298, 0.47611046435687243, 0.43722731306905566],
 [5, 20, 1, 0.6111349618654621, 1.5072087280110684, 1.9452467097601494],
 [10, 1, 0.01, 0.3889840803097738, 0.5573196103520088, 0.500988210835832],
 [10, 1, 0.1, 0.38729728042252043, 0.6314481537763683, 0.48358128237017467],
 [10, 1, 1, 0.4558811001937295, 3.3161538671829107, 4.117994211756399],
 [10, 2, 0.01, 0.41927029003997285, 0.5420220358677323, 0.504221148568968],
 [10, 2, 0.1, 0.40274316842591606, 0.5672518930062751, 0.5081495287832793],
 [10, 2, 1, 0.38428813859844135, 1.8835618510723129, 2.9182773773721675],
 [10, 3, 0.01, 0.38202000992406265, 0.527813090946424, 0.4670079637018074],
 [10, 3, 0.1, 0.40175814117238823, 0.5405039991211417, 0.47083601671959185],
 [10, 3, 1, 0.44464249056074456, 2.0491188457089384, 1.224568294251614],
 [10, 4, 0.01, 0.3746148988108463, 0.5464927388099579, 0.46789709754266096],
 [10, 4, 0.1, 0.3885723996383688, 0.48638810051603343, 0.4869090221368601],
 [10, 4, 1, 0.4287662098867589, 2.547737507564154, 0.5082643324003489],
 [10, 5, 0.01, 0.32712643169449196, 0.5061083867205711, 0.4389300432145976],
 [10, 5, 0.1, 0.4020431580140686, 0.5437339496822311, 0.4698656639710808],
 [10, 5, 1, 0.4207312332177218, 1.4426066808705704, 4.120182892500396],
 [10, 6, 0.01, 0.3774208182741268, 0.4852393390045434, 0.4676270712744745],
 [10, 6, 0.1, 0.3366645239079051, 0.49239971264557125, 0.5355639871848534],
 [10, 6, 1, 0.39800134826329014, 2.0881587732106386, 0.6404512849318114],
 [10, 7, 0.01, 0.3906538194433954, 0.45278023658672584, 0.4331064923403565],
 [10, 7, 0.1, 0.3489070682343464, 0.46025739832051327, 0.44080418821632816],
 [10, 7, 1, 0.42625817209714045, 2.3966674475327947, 2.7514510263589007],
 [10, 8, 0.01, 0.39764529145478406, 0.47907315826168223, 0.4572533528911101],
 [10, 8, 0.1, 0.37163754048383935, 0.5177432322043353, 0.46005960014352487],
 [10, 8, 1, 0.48498887443421584, 2.41997829675015, 0.4571972807478211],
 [10, 9, 0.01, 0.3351743973192178, 0.48315394940688866, 0.45674107125762475],
 [10, 9, 0.1, 0.3660864088277698, 0.46365856653019427, 0.44385794023844],
 [10, 9, 1, 0.47491296338372246, 2.136602992822293, 1.9932710685040127],
 [10, 10, 0.01, 0.39131636905629186, 0.4784059273394866, 0.4775940446021274],
 [10, 10, 0.1, 0.33659113559093706, 0.4898485644723046, 0.47013830448460225],
 [10, 10, 1, 0.48970403742574387, 1.737956253119361, 0.5220193021935645],
 [10, 11, 0.01, 0.40059036170980794, 0.4742227393192334, 0.45458087293364485],
 [10, 11, 0.1, 0.407092777595001, 0.4717451426785374, 0.4875534879806553],
 [10, 11, 1, 0.45384908197118695, 1.4401414772769991, 1.1231516433614093],
 [10, 12, 0.01, 0.3955123415771838, 0.4590152827860662, 0.45152911794299627],
 [10, 12, 0.1, 0.3800598765107978, 0.48621850437137376, 0.43355706687282725],
 [10, 12, 1, 0.46636483633846976, 2.0501822911054544, 0.5018634583089223],
 [10, 13, 0.01, 0.3756409581254138, 0.4676325322044332, 0.4750438583178397],
 [10, 13, 0.1, 0.35663646057289017, 0.47624221831110114, 0.449006551296736],
 [10, 13, 1, 0.5983547612413698, 2.276511087082409, 4.544026114668577],
 [10, 14, 0.01, 0.39480850735830064, 0.4941539344229776, 0.43906857231978386],
 [10, 14, 0.1, 0.4267101098241167, 0.474511375483735, 0.4488841102944666],
 [10, 14, 1, 0.46454627025194456, 1.882930261477367, 6.807300342320481],
 [10, 15, 0.01, 0.37810350030210294, 0.46588404381083814, 0.42861824146592314],
 [10, 15, 0.1, 0.419604894842953, 0.4790140066364807, 0.46469906717901693],
 [10, 15, 1, 0.4771122276986324, 2.164128454832853, 0.9261896619963689],
 [10, 16, 0.01, 0.42333119521015217, 0.46671087243298964, 0.4641019518261515],
 [10, 16, 0.1, 0.39260720787481274, 0.5050899506204567, 0.4350713546619116],
 [10, 16, 1, 0.5628891574968702, 1.755538327748555, 0.5077543946583878],
 [10, 17, 0.01, 0.35053027122083946, 0.466793014918289, 0.4433930584892064],
 [10, 17, 0.1, 0.43935332456724296, 0.47307701968642774, 0.43970614169945543],
 [10, 17, 1, 0.5105298093792918, 1.708843713396519, 1.6073199499574276],
 [10, 18, 0.01, 0.4205869826305976, 0.4694935942872796, 0.4595815682689778],
 [10, 18, 0.1, 0.384597017894618, 0.47489222544508436, 0.47253431498178067],
 [10, 18, 1, 0.5292694934531605, 3.2338152885518356, 2.546222530590843],
 [10, 19, 0.01, 0.4158589334107118, 0.4569071790311348, 0.44475838806640144],
 [10, 19, 0.1, 0.3703413801480937, 0.47565203616500584, 0.442433913414042],
 [10, 19, 1, 0.7407002084295651, 1.8594254244039632, 0.8648602289058384],
 [10, 20, 0.01, 0.3939199605693033, 0.45840993173548145, 0.43751095994209094],
 [10, 20, 0.1, 0.45897667902966316, 0.46099529951613993, 0.4517922804547138],
 [10, 20, 1, 0.6005072665506119, 1.3520471894064903, 1.0002928809742424],
 [20, 1, 0.01, 0.4866263722694291, 0.5425105048907575, 0.48892018162952483],
 [20, 1, 0.1, 0.44578399656041673, 0.5444450187755413, 0.5329553304236869],
 [20, 1, 1, 0.4656106754457416, 3.4374213193447867, 1.41326528007594],
 [20, 2, 0.01, 0.4174327395397248, 0.5149418785923829, 0.48938184096014015],
 [20, 2, 0.1, 0.447214953621081, 0.5224526511960077, 0.48342718095043563],
 [20, 2, 1, 0.48052600450730676, 1.9254085543690482, 3.5601883170394277],
 [20, 3, 0.01, 0.41309793276033024, 0.4972483721758654, 0.4691719469451256],
 [20, 3, 0.1, 0.43816197371805077, 0.5488050065203539, 0.5022643854463495],
 [20, 3, 1, 0.4767021905205202, 3.5103912927629772, 0.592496525902255],
 [20, 4, 0.01, 0.4304879365778932, 0.474906887591293, 0.45518449487370666],
 [20, 4, 0.1, 0.4145539379080353, 0.49359509141097513, 0.4402227352176162],
 [20, 4, 1, 0.4662673440214692, 1.447306242716245, 0.7407681452483263],
 [20, 5, 0.01, 0.3890291033812031, 0.4768331301901629, 0.46252757957369295],
 [20, 5, 0.1, 0.3826719290343507, 0.4813053649109896, 0.4336640602944783],
 [20, 5, 1, 0.42156825983034435, 1.7528486306350928, 0.7564932334588662],
 [20, 6, 0.01, 0.434732287490062, 0.46728321475963897, 0.45834641245002816],
 [20, 6, 0.1, 0.4290966246050213, 0.49100778612030843, 0.4590655539186362],
 [20, 6, 1, 0.46410159150220964, 2.061363916047248, 3.852211154704033],
 [20, 7, 0.01, 0.4340588899151673, 0.4533307920594895, 0.42761352195043023],
 [20, 7, 0.1, 0.40353690863867875, 0.4723145914174867, 0.4940891684656167],
 [20, 7, 1, 0.4300854448661332, 3.1606674247838753, 0.4493093115711955],
 [20, 8, 0.01, 0.4405641505659904, 0.4512505353979625, 0.4392648947102865],
 [20, 8, 0.1, 0.4053077384356733, 0.4610074350901945, 0.4401785323805115],
 [20, 8, 1, 0.4284392254065743, 1.580788920864456, 1.7269347612470287],
 [20, 9, 0.01, 0.4066633213945079, 0.4488645499659037, 0.4490251734519817],
 [20, 9, 0.1, 0.4147982039794572, 0.47281865400422485, 0.42921252505213764],
 [20, 9, 1, 0.5449788626457202, 1.2721401713041174, 0.8936794425938124],
 [20, 10, 0.01, 0.3852525883090224, 0.47265323172562634, 0.44492007058905086],
 [20, 10, 0.1, 0.403875583677777, 0.47192908729290906, 0.42957492742023146],
 [20, 10, 1, 0.5083466437940938, 1.8716098475554692, 0.4694805930097601],
 [20, 11, 0.01, 0.3659152206905908, 0.4473825823522617, 0.430778597104623],
 [20, 11, 0.1, 0.3896644480213344, 0.4649682707822401, 0.4263635089199928],
 [20, 11, 1, 0.483066386932547, 1.0041364716876455, 0.5072748871207305],
 [20, 12, 0.01, 0.39148696579181064, 0.4521001165678281, 0.42949257948761205],
 [20, 12, 0.1, 0.37133828640715605, 0.46965677557180624, 0.4222366070406471],
 [20, 12, 1, 0.5430701808356828, 2.006274593423006, 3.0455715695453747],
 [20, 13, 0.01, 0.3916363087435153, 0.4542533708057287, 0.4315194400461905],
 [20, 13, 0.1, 0.42677803724129026, 0.46710635044784105, 0.4208788585622873],
 [20, 13, 1, 0.46083484291661947, 1.4866374664076079, 0.7544059206239151],
 [20, 14, 0.01, 0.4315828104463907, 0.4508514044306506, 0.43324345359815936],
 [20, 14, 0.1, 0.3921760538258133, 0.46529187166925173, 0.44243732477456954],
 [20, 14, 1, 0.5667016809560096, 1.544117647970393, 1.12461687301848],
 [20, 15, 0.01, 0.390793463710726, 0.44117361819649503, 0.44221348153668444],
 [20, 15, 0.1, 0.3783635237115116, 0.47227190191358587, 0.4438867436380857],
 [20, 15, 1, 0.5812894680347751, 2.4449840649397525, 0.5208970778477194],
 [20, 16, 0.01, 0.40101969811743415, 0.4553554651233617, 0.42793857000780555],
 [20, 16, 0.1, 0.44337002724491814, 0.45622638365639706, 0.42970454439152694],
 [20, 16, 1, 0.5859977825835175, 2.3948489977597758, 0.6327235092467437],
 [20, 17, 0.01, 0.39061699709379816, 0.4629768624222831, 0.4318605913809635],
 [20, 17, 0.1, 0.4100685319099216, 0.48016862105560437, 0.4446713430384536],
 [20, 17, 1, 0.622724709699308, 1.650683248931482, 0.5619294194719247],
 [20, 18, 0.01, 0.4071550921814951, 0.45485027301200265, 0.42590160507700947],
 [20, 18, 0.1, 0.4390910327539845, 0.47194564186782567, 0.44612838223322127],
 [20, 18, 1, 0.7008947857266359, 2.0938571614853974, 0.4394633708505694],
 [20, 19, 0.01, 0.4061222259729943, 0.44475159904380945, 0.4328754346223788],
 [20, 19, 0.1, 0.3954944193139187, 0.46286458660592256, 0.4590057337116176],
 [20, 19, 1, 0.6301783937825383, 1.3472000264191488, 0.4911996556210654],
 [20, 20, 0.01, 0.4337267123578652, 0.46897438866695723, 0.4529536198309859],
 [20, 20, 0.1, 0.38239572306617164, 0.462466787702994, 0.4373956606629455],
 [20, 20, 1, 0.8603164783052192, 1.705686075780361, 0.48817553873391994],
 [50, 1, 0.01, 0.5012047632962715, 0.5157780993617689, 0.49691980214800596],
 [50, 1, 0.1, 0.48627296789658214, 0.5287737577136191, 0.5217668711893063],
 [50, 1, 1, 0.4711596074605965, 1.846164333200478, 1.3949313696122072],
 [50, 2, 0.01, 0.4545149430622285, 0.49626481841455616, 0.47822716262383946],
 [50, 2, 0.1, 0.47035163855667117, 0.527740823794146, 0.5124412295744631],
 [50, 2, 1, 0.4796375174731867, 2.792813220342714, 2.4410748201029966],
 [50, 3, 0.01, 0.44791401685586807, 0.47802320945779286, 0.47306709144440945],
 [50, 3, 0.1, 0.43933184343883563, 0.5049535140475192, 0.5022431404193479],
 [50, 3, 1, 0.46082015060666254, 1.81685638045986, 0.7600716706594292],
 [50, 4, 0.01, 0.45182953020120864, 0.4621121083613676, 0.46736707997120214],
 [50, 4, 0.1, 0.44888028327311247, 0.47308374936475356, 0.4670181591687386],
 [50, 4, 1, 0.46183959935245217, 2.96968269598132, 0.4660962426691522],
 [50, 5, 0.01, 0.4435317631188668, 0.4445810411648168, 0.44170623929774405],
 [50, 5, 0.1, 0.43326658900584797, 0.4669070037829292, 0.4622039021975121],
 [50, 5, 1, 0.4457677206388263, 2.2169704749184733, 0.7158364252536596],
 [50, 6, 0.01, 0.4403681313407931, 0.44801267079614443, 0.45304424055765374],
 [50, 6, 0.1, 0.4140050135266981, 0.47512138399339443, 0.4462235676450503],
 [50, 6, 1, 0.4316807534205468, 2.2750742268582993, 1.092186446763064],
 [50, 7, 0.01, 0.41460753241773396, 0.45182018410505914, 0.44981343196786416],
 [50, 7, 0.1, 0.4083916333145445, 0.4596247874917103, 0.48132758748862536],
 [50, 7, 1, 0.5039107460847895, 3.9039827136889165, 0.4665439685116411],
 [50, 8, 0.01, 0.4092240308275725, 0.4476167125070557, 0.4350681829701838],
 [50, 8, 0.1, 0.4349158651310356, 0.44905017927429214, 0.4398378623945773],
 [50, 8, 1, 0.4385996437052292, 2.1343290346580788, 0.8415622329516583],
 [50, 9, 0.01, 0.4099309425339454, 0.4378628748300074, 0.4503620896876341],
 [50, 9, 0.1, 0.40106791120540225, 0.4470392274903977, 0.5352163133850034],
 [50, 9, 1, 0.47513373594474706, 2.41495920235287, 0.4706802645521996],
 [50, 10, 0.01, 0.4109819480687963, 0.43703535775552904, 0.432149616009367],
 [50, 10, 0.1, 0.4255236542470618, 0.44343383800607467, 0.4239554619836533],
 [50, 10, 1, 0.5187220866706193, 1.5175761357232689, 1.6272094335934488],
 [50, 11, 0.01, 0.43195228664544894, 0.4427519031330746, 0.44689765596774783],
 [50, 11, 0.1, 0.4149554918990713, 0.450676534522455, 0.4457962320630685],
 [50, 11, 1, 0.5574719689940414, 2.194974432057307, 3.9752152253971618],
 [50, 12, 0.01, 0.41175800127289336, 0.4313730361193132, 0.41458613632836877],
 [50, 12, 0.1, 0.4318895590262888, 0.4541781854847711, 0.45326281549751807],
 [50, 12, 1, 0.5471892164696088, 1.599045628731044, 3.8107462775733376],
 [50, 13, 0.01, 0.41463758025830605, 0.43438303974225595, 0.44356170624794905],
 [50, 13, 0.1, 0.4244424303191419, 0.4577121060340398, 0.4465700445041319],
 [50, 13, 1, 0.5279936295511181, 1.768934465486749, 0.9318022057322258],
 [50, 14, 0.01, 0.4376306899031964, 0.44231371101972483, 0.4150621001235773],
 [50, 14, 0.1, 0.4294960096917003, 0.449737090042004, 0.4175989517550268],
 [50, 14, 1, 0.6009187803668917, 1.0183565153614271, 1.111559711203441],
 [50, 15, 0.01, 0.44320900899281634, 0.43897807774657566, 0.4475576697591118],
 [50, 15, 0.1, 0.4330745230997527, 0.451216828091255, 0.4606243134183693],
 [50, 15, 1, 0.5500371589410006, 2.2178895014404247, 1.4301521766984828],
 [50, 16, 0.01, 0.4342862065196448, 0.4400661653008878, 0.44061466843130714],
 [50, 16, 0.1, 0.4093832778799083, 0.4574641823999571, 0.44258553378581506],
 [50, 16, 1, 0.6270080528401312, 1.8329640477850955, 0.522458306301677],
 [50, 17, 0.01, 0.4393088273954189, 0.44509831849717685, 0.4487007632886568],
 [50, 17, 0.1, 0.4377294156884333, 0.4547318071814089, 0.4215564995062714],
 [50, 17, 1, 0.690423937437097, 1.6547266872597823, 0.6407131215542272],
 [50, 18, 0.01, 0.4311281118446331, 0.4392003135189442, 0.44077359556359413],
 [50, 18, 0.1, 0.4258265990368579, 0.46809880809903026, 0.4648052971090771],
 [50, 18, 1, 0.611698258423336, 1.0323740125499135, 0.515229149036735],
 [50, 19, 0.01, 0.4638854556447606, 0.4476786047509229, 0.43811406210569753],
 [50, 19, 0.1, 0.4210101832901044, 0.4575220566547147, 0.4945799443513365],
 [50, 19, 1, 0.6970051589018239, 1.4265441639138783, 0.800036512842189],
 [50, 20, 0.01, 0.4471810331135737, 0.45095509992104893, 0.44299041245448406],
 [50, 20, 0.1, 0.4289790379888309, 0.45473240002537824, 0.442468330700634],
 [50, 20, 1, 0.675435628819254, 1.1428308006083066, 0.5967846103643728],
 [100, 1, 0.01, 0.48403027267328014, 0.503595759524073, 0.49580285529410123],
 [100, 1, 0.1, 0.4859548906875477, 0.5342739626595434, 0.5112819383305617],
 [100, 1, 1, 0.5093778020479001, 2.5031896577359722, 0.5484682432463556],
 [100, 2, 0.01, 0.46243245554962276, 0.4848114834743786, 0.47972963675031105],
 [100, 2, 0.1, 0.47049654628648385, 0.5326784602033183, 0.47972883828208157],
 [100, 2, 1, 0.4846783580767404, 2.75060626276803, 1.6080753981064981],
 [100, 3, 0.01, 0.4402675407189459, 0.4676639231456983, 0.4758674739717097],
 [100, 3, 0.1, 0.45778955699899815, 0.4927248557614692, 0.4758099252980095],
 [100, 3, 1, 0.4743362705723733, 2.0287722236381454, 0.5569480911184161],
 [100, 4, 0.01, 0.44747633270459763, 0.4540039274683784, 0.4448019859991354],
 [100, 4, 0.1, 0.44291891187059196, 0.46977308628572123, 0.47617696478510774],
 [100, 4, 1, 0.46552622438241703, 2.8499608601294253, 1.7164541235740218],
 [100, 5, 0.01, 0.4280184643317534, 0.4424078799034029, 0.44341542726086913],
 [100, 5, 0.1, 0.4376977808923389, 0.4583566224503878, 0.43297710305313886],
 [100, 5, 1, 0.48286314853147416, 3.675102179065946, 0.46563082064632466],
 [100, 6, 0.01, 0.43176446029074933, 0.44214318219913273, 0.43695547801132295],
 [100, 6, 0.1, 0.42109146836329414, 0.461493058310755, 0.4325026153287365],
 [100, 6, 1, 0.4612222786469674, 2.61444262604863, 0.5306118111728495],
 [100, 7, 0.01, 0.44126012150595983, 0.436108506829506, 0.43112390868986106],
 [100, 7, 0.1, 0.40270995941702664, 0.4472861348616205, 0.45942428938279395],
 [100, 7, 1, 0.49117179373592357, 3.1788782457546363, 1.0561463635783133],
 [100, 8, 0.01, 0.42627772851747164, 0.4331656118864438, 0.45076739888368866],
 [100, 8, 0.1, 0.4285925413977135, 0.4541743015884284, 0.4367851607062764],
 [100, 8, 1, 0.467432038188603, 1.1968204782610825, 1.7442544989218394],
 [100, 9, 0.01, 0.42384987339742297, 0.4357272763099698, 0.42803273377710727],
 [100, 9, 0.1, 0.42811846950999294, 0.4609789118000543, 0.4315825551042825],
 [100, 9, 1, 0.47822966472766837, 2.3137339660261977, 0.8713599595379938],
 [100, 10, 0.01, 0.4376265072774433, 0.4343260538631374, 0.44666715005361424],
 [100, 10, 0.1, 0.41883374116589095, 0.44876157592309934, 0.44786223379080503],
 [100, 10, 1, 0.5308337632754389, 1.3374434257518135, 0.6506924015403379],
 [100, 11, 0.01, 0.43163033891858815, 0.43486683386146174, 0.435177016212677],
 [100, 11, 0.1, 0.4327189879329403, 0.4580529528609928, 0.4411656129567442],
 [100, 11, 1, 0.5562078426995593, 1.7348789915978142, 0.45202312579412995],
 [100, 12, 0.01, 0.43619079835201485, 0.44241192040807353, 0.4468193088762881],
 [100, 12, 0.1, 0.4370842968696964, 0.4481243208458416, 0.4586262488326924],
 [100, 12, 1, 0.6246626778806468, 1.9451819032801385, 0.48510656369948835],
 [100, 13, 0.01, 0.4334519092894841, 0.43781508093577814, 0.4429638346225697],
 [100, 13, 0.1, 0.4142903546235063, 0.44736747165983004, 0.4544948984696987],
 [100, 13, 1, 0.5558431625237504, 2.3508136205491637, 0.866656801622637],
 [100, 14, 0.01, 0.42621774147351854, 0.4393247580446147, 0.4426112157849191],
 [100, 14, 0.1, 0.43945608109807155, 0.45600428743612564, 0.4769024762662171],
 [100, 14, 1, 0.5825842218111134, 1.4809815519748413, 0.4792474149939342],
 [100, 15, 0.01, 0.4270636029117532, 0.4435535348613378, 0.4253408481336703],
 [100, 15, 0.1, 0.4368371261187227, 0.45220674057163013, 0.4481300465054968],
 [100, 15, 1, 0.715928333546323, 1.479509451122374, 1.7765732920537898],
 [100, 16, 0.01, 0.44547437562267034, 0.4420663207579857, 0.4397220206590817],
 [100, 16, 0.1, 0.43214156058035214, 0.4482829640533237, 0.42846811325699896],
 [100, 16, 1, 0.5435770556360819, 1.8098901122861046, 1.5380108709069158],
 [100, 17, 0.01, 0.4200394354744327, 0.4336359280046671, 0.4293659442468651],
 [100, 17, 0.1, 0.4214314665078148, 0.449834923326674, 0.4320166364230974],
 [100, 17, 1, 0.7670357963318025, 1.6841861011131276, 4.661390774080308],
 [100, 18, 0.01, 0.4422343156077724, 0.4472030714286229, 0.4424567060382404],
 [100, 18, 0.1, 0.4460384864407896, 0.4495105827946563, 0.45162025893354024],
 [100, 18, 1, 0.758492208161737, 3.307718893243984, 1.2308538529116948],
 [100, 19, 0.01, 0.43544628257373175, 0.43994237465910657, 0.4476147418103488],
 [100, 19, 0.1, 0.4475734344776737, 0.4636654290202837, 0.47022993489429266],
 [100, 19, 1, 0.6617349985353773, 2.399757869995905, 0.9236297593130209],
 [100, 20, 0.01, 0.43412781241103743, 0.4436197401641402, 0.4664948781467888],
 [100, 20, 0.1, 0.4531533742324679, 0.4698322214029539, 0.45340399925063013],
 [100, 20, 1, 0.7073911883752471, 1.4036227424299286, 8.1871751227925],
 [200, 1, 0.01, 0.498529503017113, 0.5002852066909744, 0.49316092503948683],
 [200, 1, 0.1, 0.49876728348473637, 0.5166101669189546, 0.5287585012508085],
 [200, 1, 1, 0.49554962404449443, 2.123089210394466, 0.5877577807617449],
 [200, 2, 0.01, 0.476776676008236, 0.4837723934097314, 0.4610761546620339],
 [200, 2, 0.1, 0.4817944870845837, 0.5050187862804754, 0.4833595654548707],
 [200, 2, 1, 0.49211340975151785, 2.0050131556671853, 0.9904403044060605],
 [200, 3, 0.01, 0.47106838062751066, 0.46467674526437, 0.47052920572921664],
 [200, 3, 0.1, 0.46018683693536533, 0.4959905666315173, 0.48017724214120405],
 [200, 3, 1, 0.4665378406104731, 2.172192485226781, 0.5053386737849721],
 [200, 4, 0.01, 0.45849366176953554, 0.4526878637031616, 0.4561713658387591],
 [200, 4, 0.1, 0.4404615633210988, 0.47112801116454744, 0.45521369377632737],
 [200, 4, 1, 0.4764658132720395, 3.0683755224759985, 1.0729096071785071],
 [200, 5, 0.01, 0.44887072979117876, 0.44513438798516586, 0.4353974753511121],
 [200, 5, 0.1, 0.43914413112056777, 0.46649138951575786, 0.44451662565622474],
 [200, 5, 1, 0.49795863078933766, 1.7485496420260815, 1.4315846115540094],
 [200, 6, 0.01, 0.4308747959526583, 0.4395634533815116, 0.44259297684784976],
 [200, 6, 0.1, 0.43585858407269606, 0.4581700481716727, 0.4256743574627866],
 [200, 6, 1, 0.4957734829215636, 1.9291153500617082, 2.7141884466673947],
 [200, 7, 0.01, 0.4365892020486122, 0.4347339854922748, 0.43878323522911317],
 [200, 7, 0.1, 0.43242123224282575, 0.45600981847832234, 0.47445133501783227],
 [200, 7, 1, 0.5001269991735506, 2.2562999733504014, 0.43881440419647094],
 [200, 8, 0.01, 0.4256291657816667, 0.4363483331069905, 0.4462948464526321],
 [200, 8, 0.1, 0.42743286683683224, 0.44246144631276374, 0.448628589325792],
 [200, 8, 1, 0.515498411740203, 2.457344313495883, 1.4730661764635884],
 [200, 9, 0.01, 0.43104841911504915, 0.43447324689947103, 0.4351016324125404],
 [200, 9, 0.1, 0.42694748979081243, 0.4395021908256673, 0.4246088874564427],
 [200, 9, 1, 0.45945001793762763, 2.6327665894437255, 0.4752523593073787],
 [200, 10, 0.01, 0.428546539296556, 0.43438220361076263, 0.41206949301932727],
 [200, 10, 0.1, 0.4340569208704495, 0.4602950712669906, 0.4399962601297067],
 [200, 10, 1, 0.5527097694008261, 2.6662382696930846, 0.48498187727656444],
 [200, 11, 0.01, 0.424891479151686, 0.43177521256102436, 0.4214283036634052],
 [200, 11, 0.1, 0.4313862347695444, 0.4515596790208084, 0.47270939554738234],
 [200, 11, 1, 0.5353252959674343, 2.0938044951544765, 2.1619012386864833],
 [200, 12, 0.01, 0.42396237374536494, 0.44153504214558226, 0.42149726101207163],
 [200, 12, 0.1, 0.43090848866541254, 0.4493699733356428, 0.44065308974747525],
 [200, 12, 1, 0.5772597789360705, 1.7416711376389578, 0.486342849200583],
 [200, 13, 0.01, 0.4290304846239309, 0.43545632876282986, 0.4313348730177665],
 [200, 13, 0.1, 0.44391554844642406, 0.45286688655673635, 0.44310437172688893],
 [200, 13, 1, 0.6708002297181481, 2.641538083059942, 1.1829073951317992],
 [200, 14, 0.01, 0.43974719644898075, 0.43669644242718375, 0.43557138341594],
 [200, 14, 0.1, 0.4337925521230752, 0.44154051683257806, 0.4575340976410589],
 [200, 14, 1, 0.6269596418354138, 1.0751906236041733, 1.2476768310300854],
 [200, 15, 0.01, 0.4397782025016482, 0.440230652609802, 0.4582157882117751],
 [200, 15, 0.1, 0.43985876813703084, 0.45024750711948797, 0.5057712740538415],
 [200, 15, 1, 0.6137638285733662, 1.266745719849595, 0.594494869201921],
 [200, 16, 0.01, 0.4352560594506148, 0.4377128150816814, 0.4419404290158538],
 [200, 16, 0.1, 0.43720950843644263, 0.45003324301851333, 0.44545427586942227],
 [200, 16, 1, 0.6486929553439784, 2.0186390075489546, 0.5508443044331166],
 [200, 17, 0.01, 0.43595059609776665, 0.439574444261693, 0.4377511415838075],
 [200, 17, 0.1, 0.4479386809263709, 0.45037617987585526, 0.4567206459768176],
 [200, 17, 1, 0.7221510270093423, 1.9974930375323396, 0.4574290642257674],
 [200, 18, 0.01, 0.4467036126851009, 0.444831444109506, 0.43743738682582867],
 [200, 18, 0.1, 0.44755164862966473, 0.45667818146460526, 0.4349597646898754],
 [200, 18, 1, 0.7547509507602502, 2.191711085833195, 5.848746181750388],
 [200, 19, 0.01, 0.439099612906686, 0.4419501765401982, 0.4534771352070377],
 [200, 19, 0.1, 0.4388143643918626, 0.4582963190263786, 0.43865272029940083],
 [200, 19, 1, 0.6746866867564528, 1.415240340407792, 0.5650594768822277],
 [200, 20, 0.01, 0.44396673814199883, 0.44340302416905253, 0.43967898422810736],
 [200, 20, 0.1, 0.43838519203752035, 0.45286314635060176, 0.45165666689071055],
 [200, 20, 1, 0.7260402573881245, 1.5426082591354375, 1.3772522598369275]]
