[[2, 1, 0.01, 0.13436832916312125, 0.7506447760932167, 0.48485869811928695],
 [2, 1, 0.1, 0.14760551152081275, 0.7954316510995828, 0.5848730625257557],
 [2, 1, 1, 0.12853923982132126, 3.1250546666682806, 0.5028161056269832],
 [2, 2, 0.01, 0.10201760992260403, 0.7755957486718835, 0.5254887884218877],
 [2, 2, 0.1, 0.13362876340004964, 0.7685727876839127, 0.5190979863510561],
 [2, 2, 1, 0.1279674511187246, 1.6322741493696338, 1.2644883562667315],
 [2, 3, 0.01, 0.13843344751118106, 0.8282901910894964, 0.5206607239420216],
 [2, 3, 0.1, 0.08139615445659482, 0.9239652957013268, 0.5518752104301441],
 [2, 3, 1, 0.16943732005259893, 2.9444831141460943, 0.5270168194126135],
 [2, 4, 0.01, 0.13403982364718495, 0.6927780337985461, 0.5476629876363861],
 [2, 4, 0.1, 0.163825820742989, 0.7486996520659298, 0.4842479390817548],
 [2, 4, 1, 0.14152771041383122, 2.4144325673609317, 0.4969852099129497],
 [2, 5, 0.01, 0.14201261148457364, 0.7965680127571603, 0.51298180572933],
 [2, 5, 0.1, 0.15749958354490456, 0.6276428977993029, 0.5143468774073573],
 [2, 5, 1, 0.12149307207698609, 1.2258179265789382, 1.7152806227711646],
 [2, 6, 0.01, 0.14462635394189952, 0.7557280378601972, 0.49752817966676116],
 [2, 6, 0.1, 0.16725120329551427, 0.7083341100131111, 0.4894586823762364],
 [2, 6, 1, 0.19180451658614223, 3.159362664705527, 0.6834300809449203],
 [2, 7, 0.01, 0.1386260567343029, 0.6484098854553337, 0.49114549861795265],
 [2, 7, 0.1, 0.09891299162072426, 0.7124069089855579, 0.4447801577665844],
 [2, 7, 1, 0.1611370863790469, 2.3954571973156367, 0.7063857935282877],
 [2, 8, 0.01, 0.18387635964457658, 0.6702745960374581, 0.5005114151929938],
 [2, 8, 0.1, 0.24835458613601893, 0.5408294246298905, 0.46828538991050656],
 [2, 8, 1, 0.22340258022233686, 3.30230412784035, 0.5641740061510923],
 [2, 9, 0.01, 0.21253389756525162, 0.6053837866085658, 0.46419614689829247],
 [2, 9, 0.1, 0.2644514899645032, 0.6450935930586865, 0.51069427899052],
 [2, 9, 1, 0.2193495734903744, 1.8776921886492777, 2.417952505567522],
 [2, 10, 0.01, 0.20489976534886437, 0.6573878201891414, 0.5148702734942243],
 [2, 10, 0.1, 0.20265259417444992, 0.5730079595694889, 0.45292598949045665],
 [2, 10, 1, 0.24737576503262537, 1.6941062901292323, 1.0446058442639117],
 [2, 11, 0.01, 0.24919199636967523, 0.5381880413084132, 0.45534497381167155],
 [2, 11, 0.1, 0.2403457746482572, 0.6304230587931988, 0.5383342602627872],
 [2, 11, 1, 0.31627184416273335, 2.123108012397972, 0.46745903670724903],
 [2, 12, 0.01, 0.17754665064277703, 0.617509150994793, 0.464730009294486],
 [2, 12, 0.1, 0.18910477231277917, 0.6189448351503635, 0.45950846950450763],
 [2, 12, 1, 0.3004922860992739, 2.187523547826654, 0.7399853852086425],
 [2, 13, 0.01, 0.23783037608406885, 0.5536604599871027, 0.48761031722551584],
 [2, 13, 0.1, 0.27323445169565624, 0.6004990535820841, 0.520438952331833],
 [2, 13, 1, 0.48470856265254597, 2.1611281513316305, 0.5928518081404061],
 [2, 14, 0.01, 0.1754221945470303, 0.5873421401044417, 0.46105301372030283],
 [2, 14, 0.1, 0.19174546603286963, 0.6439581738200293, 0.4976064678878234],
 [2, 14, 1, 0.3508025387356416, 1.4648171360209854, 0.4578301038356303],
 [2, 15, 0.01, 0.2396647172968045, 0.5825789581157041, 0.4827609163454693],
 [2, 15, 0.1, 0.18914525190717132, 0.581506681887452, 0.4761065927887706],
 [2, 15, 1, 0.4725437034960809, 1.3220019988370806, 1.366757885614036],
 [2, 16, 0.01, 0.23442886041780583, 0.5632992636854693, 0.4806749635172476],
 [2, 16, 0.1, 0.2501629098800649, 0.5568604823237764, 0.4483718237224725],
 [2, 16, 1, 0.697877352038115, 2.2764051840133073, 1.1959983871621156],
 [2, 17, 0.01, 0.21050999568899212, 0.5222626952647608, 0.48408407637573997],
 [2, 17, 0.1, 0.2631237963650876, 0.5653960445193511, 0.5017187049214452],
 [2, 17, 1, 0.6394666412474005, 1.5724152863086536, 0.6204226276450617],
 [2, 18, 0.01, 0.2256011855998239, 0.5521130967545148, 0.4454046848857342],
 [2, 18, 0.1, 0.21397357371651538, 0.5520990039065079, 0.5123091887230485],
 [2, 18, 1, 0.4487504186373278, 1.9249020072320193, 0.7815332637521244],
 [2, 19, 0.01, 0.2602778129350339, 0.5467218628997589, 0.46643034318750914],
 [2, 19, 0.1, 0.218423552739393, 0.603985514426145, 0.510166452925465],
 [2, 19, 1, 0.5130522091777536, 1.7472923377187644, 1.0772665347701489],
 [2, 20, 0.01, 0.22312602812443863, 0.565266584304064, 0.5020310418169014],
 [2, 20, 0.1, 0.2761220408640934, 0.5089849248607459, 0.4979809067256097],
 [2, 20, 1, 0.4636192241131444, 1.5904378582625927, 0.5669130799591414],
 [5, 1, 0.01, 0.31463330021529295, 0.6526332803154273, 0.481231618789656],
 [5, 1, 0.1, 0.3674127607215404, 0.6004704607405393, 0.534146523859418],
 [5, 1, 1, 0.28369292250411704, 1.6109397325541974, 0.5483260119254593],
 [5, 2, 0.01, 0.30593939951949317, 0.6073716792677355, 0.4865880037475895],
 [5, 2, 0.1, 0.3881220335194893, 0.6417538588645805, 0.5003400563436317],
 [5, 2, 1, 0.2933704447589968, 3.175775592005047, 2.0972792855664677],
 [5, 3, 0.01, 0.3149895023684608, 0.6193835557220071, 0.47585119012039057],
 [5, 3, 0.1, 0.334831989519677, 0.6416608454204427, 0.4999808359693665],
 [5, 3, 1, 0.30944442199072886, 2.5509484900700823, 0.6358321747390637],
 [5, 4, 0.01, 0.3107471581647874, 0.55553835923249, 0.46210310086632417],
 [5, 4, 0.1, 0.3031349156231834, 0.6360542181919303, 0.4811377363075187],
 [5, 4, 1, 0.3177027359598572, 3.075445806660276, 1.1830426249498867],
 [5, 5, 0.01, 0.3330629708391347, 0.545638526568577, 0.45677035861496224],
 [5, 5, 0.1, 0.2640275488243714, 0.5585671489365549, 0.48003004504331453],
 [5, 5, 1, 0.35451727651099335, 2.4556749857093463, 0.5414549830583927],
 [5, 6, 0.01, 0.3209681580287273, 0.5370409683958848, 0.47263272024060404],
 [5, 6, 0.1, 0.35164285208328644, 0.5624564579521947, 0.46353804018436323],
 [5, 6, 1, 0.3523179644032822, 1.6951924296331267, 0.49497583881766344],
 [5, 7, 0.01, 0.27617981970489514, 0.5660943963428509, 0.48245898566149653],
 [5, 7, 0.1, 0.3426132375491805, 0.5818112372550615, 0.5072101538856553],
 [5, 7, 1, 0.36228829980758886, 1.8103871639451028, 1.3462043463173858],
 [5, 8, 0.01, 0.3529465789629663, 0.5125441182950657, 0.4958515661790083],
 [5, 8, 0.1, 0.3563995688402588, 0.5319491856869826, 0.4533169426024516],
 [5, 8, 1, 0.3693368354894113, 2.8422791476496347, 0.8077781392398115],
 [5, 9, 0.01, 0.3511828573375317, 0.546552822538638, 0.4482248709162894],
 [5, 9, 0.1, 0.3275022992201361, 0.5236089021543593, 0.46403961713590036],
 [5, 9, 1, 0.3891687456717269, 1.8542074357496936, 1.318661031356489],
 [5, 10, 0.01, 0.3937518176014477, 0.5097006637916567, 0.47132201144006824],
 [5, 10, 0.1, 0.26301059780452946, 0.5108726698086375, 0.49017122723506673],
 [5, 10, 1, 0.45878044332566714, 0.9872731438589335, 1.2143336165789083],
 [5, 11, 0.01, 0.3709710901480128, 0.5451629074324323, 0.48353933856182457],
 [5, 11, 0.1, 0.35101184974454414, 0.4993287845246295, 0.4795462335132534],
 [5, 11, 1, 0.4844136825175965, 2.1821388362048784, 0.46209568844063487],
 [5, 12, 0.01, 0.33757459891556335, 0.5230110219775562, 0.473418029068248],
 [5, 12, 0.1, 0.3534377853191847, 0.5100704749933958, 0.4277181407797521],
 [5, 12, 1, 0.38243785992319906, 1.9097587100892386, 2.6678065434114306],
 [5, 13, 0.01, 0.37596629696756223, 0.45973096806892455, 0.43709939620007277],
 [5, 13, 0.1, 0.3451097133642171, 0.570762369782383, 0.521942022595458],
 [5, 13, 1, 0.44751142912142, 1.7710032887027314, 2.966874354921324],
 [5, 14, 0.01, 0.33086066313249085, 0.4916784783148388, 0.43619514643914203],
 [5, 14, 0.1, 0.31106766717637213, 0.49467509807377646, 0.4505316122332904],
 [5, 14, 1, 0.5056292116367102, 1.8401940166082738, 2.269413243423416],
 [5, 15, 0.01, 0.3639113293160018, 0.49117728780467446, 0.44019944889788715],
 [5, 15, 0.1, 0.3099751424294793, 0.4936550033092561, 0.44056026119040276],
 [5, 15, 1, 0.5233100924001249, 1.7469505365841111, 0.5633222949106133],
 [5, 16, 0.01, 0.33684937536766824, 0.47921528328321716, 0.4562100727256272],
 [5, 16, 0.1, 0.3643890453752448, 0.5376531398568682, 0.49621485523970993],
 [5, 16, 1, 0.6430403515680762, 2.218458221832738, 0.5624348491575228],
 [5, 17, 0.01, 0.3340253191913435, 0.47907699439994794, 0.4419427042249712],
 [5, 17, 0.1, 0.3568019995529093, 0.5170867160978936, 0.46632191683067914],
 [5, 17, 1, 0.5851213723576258, 1.8466327495123327, 1.7046657344932874],
 [5, 18, 0.01, 0.36121525257024667, 0.5094327349475014, 0.45451408496654677],
 [5, 18, 0.1, 0.2811373428363477, 0.48777827772200044, 0.4458506387674364],
 [5, 18, 1, 0.5211951326851278, 2.344606701704022, 0.4806034145385099],
 [5, 19, 0.01, 0.38501041097489597, 0.47036605331820447, 0.4415942659302183],
 [5, 19, 0.1, 0.2994352991267052, 0.5071691313870695, 0.44896007623423795],
 [5, 19, 1, 0.5584765188878477, 1.5436086549149048, 0.44608715082852807],
 [5, 20, 0.01, 0.31543809501655506, 0.5020257167593329, 0.46931490939773013],
 [5, 20, 0.1, 0.32191696400688324, 0.5036199116871118, 0.4686741427035245],
 [5, 20, 1, 0.6998518461346779, 2.0690416699579433, 0.4832873672810361],
 [10, 1, 0.01, 0.3980595098810466, 0.5764347619072533, 0.5046537198123682],
 [10, 1, 0.1, 0.42389659276118524, 0.580250985452968, 0.551548319752126],
 [10, 1, 1, 0.42660085443525675, 2.6205585267475735, 0.5081794436975526],
 [10, 2, 0.01, 0.45000711495586404, 0.5076842389486477, 0.49093062980359925],
 [10, 2, 0.1, 0.3950872769527689, 0.5715226651495154, 0.47201932679315084],
 [10, 2, 1, 0.43094622917806424, 1.790338317226001, 2.2962388175595208],
 [10, 3, 0.01, 0.3981120745573283, 0.4983343586067335, 0.4519909646947624],
 [10, 3, 0.1, 0.3990802847062329, 0.5538038915035839, 0.46833580765735217],
 [10, 3, 1, 0.41620695824429743, 1.9274978233665259, 0.502084452141037],
 [10, 4, 0.01, 0.3569672594086425, 0.4975574722725288, 0.46307781049862523],
 [10, 4, 0.1, 0.3729096869168403, 0.5213149381797091, 0.44495439714647456],
 [10, 4, 1, 0.4099325203069877, 2.3900009458453475, 1.0504305431045413],
 [10, 5, 0.01, 0.3708931439132123, 0.5071635334886956, 0.4570501108826387],
 [10, 5, 0.1, 0.3970481629359278, 0.4961250145882567, 0.4486430979063176],
 [10, 5, 1, 0.4214734671970689, 3.6025279625464774, 1.5592625972585916],
 [10, 6, 0.01, 0.3636014358070016, 0.48593147125974934, 0.43185297520928834],
 [10, 6, 0.1, 0.3572580768714033, 0.4916345164284211, 0.44512053281351716],
 [10, 6, 1, 0.3693181104744293, 2.4023383383733425, 1.1602842100230848],
 [10, 7, 0.01, 0.4266789057960911, 0.488397452093564, 0.4504837771648864],
 [10, 7, 0.1, 0.3780649299326156, 0.49109984688533626, 0.45759400584198784],
 [10, 7, 1, 0.3736336100510592, 2.3096688714765996, 0.4602923490223572],
 [10, 8, 0.01, 0.3817053467243252, 0.4747079790193551, 0.4397158467883321],
 [10, 8, 0.1, 0.3640888877863121, 0.5197403723018118, 0.46100672054839426],
 [10, 8, 1, 0.4493090941472471, 2.082455950604331, 1.6459356924375534],
 [10, 9, 0.01, 0.35923908308129643, 0.48019007591531937, 0.431891212242968],
 [10, 9, 0.1, 0.37650184776174384, 0.48442500396069177, 0.44809345862389227],
 [10, 9, 1, 0.5575313700679577, 3.4303504444484245, 0.5694559544974637],
 [10, 10, 0.01, 0.36167307389968684, 0.4675863344721001, 0.46097618967386317],
 [10, 10, 0.1, 0.3969061854999131, 0.5044275362941193, 0.5056543463963675],
 [10, 10, 1, 0.5308651953249355, 3.3237878089985067, 0.7762680103947103],
 [10, 11, 0.01, 0.3908287734891916, 0.45754142122982266, 0.43140995815866906],
 [10, 11, 0.1, 0.3837788064172923, 0.4841132383044401, 0.4611862247871993],
 [10, 11, 1, 0.4993753768081672, 2.390995453207247, 0.9464345296339104],
 [10, 12, 0.01, 0.3604632554428364, 0.47854405233546726, 0.44192496822692895],
 [10, 12, 0.1, 0.3772938248021146, 0.49293355494775887, 0.44132418991029887],
 [10, 12, 1, 0.48407014204206406, 1.2085125216417005, 0.4379087871903604],
 [10, 13, 0.01, 0.3850157541606985, 0.46095601742502695, 0.44692621097201585],
 [10, 13, 0.1, 0.44289066259892246, 0.4745381565136305, 0.4525773967665193],
 [10, 13, 1, 0.5896243307029615, 1.6290829984428552, 0.4675265423594113],
 [10, 14, 0.01, 0.38946265398339774, 0.4598833885954593, 0.4420850900699312],
 [10, 14, 0.1, 0.3801763334391669, 0.4795056841902074, 0.4710542171803137],
 [10, 14, 1, 0.4977470010778443, 1.9577749656085117, 0.7618146058876805],
 [10, 15, 0.01, 0.38779043452778367, 0.4612815010854517, 0.4303508385540149],
 [10, 15, 0.1, 0.3994955320508038, 0.4787328980864978, 0.4269674655797932],
 [10, 15, 1, 0.6255164631872294, 1.949756825886674, 0.4397437719824967],
 [10, 16, 0.01, 0.3994589009302728, 0.45634844235238736, 0.44228523694379773],
 [10, 16, 0.1, 0.37466756584600536, 0.4749783826759897, 0.4651857910782855],
 [10, 16, 1, 0.6293863464784384, 2.1248915519491187, 0.8471191970608802],
 [10, 17, 0.01, 0.36360926708102875, 0.47398799580857254, 0.47281159283795055],
 [10, 17, 0.1, 0.41144000282738863, 0.47556914161243846, 0.4465858173320102],
 [10, 17, 1, 0.6097716076275582, 1.5983103886338992, 0.565449439560006],
 [10, 18, 0.01, 0.3517364908439757, 0.4684835591043294, 0.449296858260536],
 [10, 18, 0.1, 0.4106678543003343, 0.4807434495683537, 0.4847380506712297],
 [10, 18, 1, 0.586408396694238, 1.134263250099925, 0.4739802366362127],
 [10, 19, 0.01, 0.4054351257785502, 0.4593400509356188, 0.4414672068078081],
 [10, 19, 0.1, 0.41382288878675927, 0.4924358343113785, 0.4591181526207681],
 [10, 19, 1, 0.7715464158316276, 1.9796626553394947, 0.4748754870951324],
 [10, 20, 0.01, 0.4186838993690266, 0.47044400191377045, 0.44383265521832355],
 [10, 20, 0.1, 0.37888150984127644, 0.4588422726276805, 0.4970825037220683],
 [10, 20, 1, 0.5231581810030156, 1.3199626168034793, 0.44043663105630915],
 [20, 1, 0.01, 0.4450623819442594, 0.5441473822728723, 0.513990079146217],
 [20, 1, 0.1, 0.41378304710260705, 0.5533074272031315, 0.49161149099804463],
 [20, 1, 1, 0.4823606969934092, 2.9193209798072486, 0.9987342377319178],
 [20, 2, 0.01, 0.38979462876843896, 0.5079497056225318, 0.4741120677790021],
 [20, 2, 0.1, 0.4497075599718355, 0.5016619730149283, 0.4787172947055988],
 [20, 2, 1, 0.42855715590462407, 2.540485739792474, 0.8889217269255555],
 [20, 3, 0.01, 0.4055780809618529, 0.5029823134228246, 0.48372052356150436],
 [20, 3, 0.1, 0.42984321089393995, 0.516427964825358, 0.44813289905216613],
 [20, 3, 1, 0.42855875278712385, 1.7437564168854753, 0.4685168404227146],
 [20, 4, 0.01, 0.4413995880996401, 0.477442358071397, 0.45805790808584634],
 [20, 4, 0.1, 0.4119987084267945, 0.5293300053567292, 0.4868287171692525],
 [20, 4, 1, 0.4505152292890428, 1.530259154695252, 0.7069103398046467],
 [20, 5, 0.01, 0.41268241245810994, 0.47021102983300284, 0.45135684895519945],
 [20, 5, 0.1, 0.3888508844161552, 0.4754837647728614, 0.4466740067977239],
 [20, 5, 1, 0.4151633693440601, 2.7433081797497407, 1.9502507021696691],
 [20, 6, 0.01, 0.39470659473011027, 0.48266791448278923, 0.4489374639257079],
 [20, 6, 0.1, 0.3998946100167048, 0.49660474867755333, 0.5118901708950987],
 [20, 6, 1, 0.41377967166990803, 2.51427043963239, 0.7885769026955994],
 [20, 7, 0.01, 0.4078039135978818, 0.4550686554662923, 0.4290620424249104],
 [20, 7, 0.1, 0.4128127269765985, 0.45350897643600313, 0.4367431313910013],
 [20, 7, 1, 0.4097684420653895, 1.7581386449497536, 1.9144641644361955],
 [20, 8, 0.01, 0.40196058020386494, 0.4483254076889091, 0.44415689470320113],
 [20, 8, 0.1, 0.4173165248893221, 0.4681752768574386, 0.4305490514642346],
 [20, 8, 1, 0.4970096845547455, 2.4219159923437497, 3.15586385681715],
 [20, 9, 0.01, 0.40727482143753885, 0.47235900792152197, 0.43983675605233735],
 [20, 9, 0.1, 0.40665938118044254, 0.4784150754504302, 0.4448973975093254],
 [20, 9, 1, 0.5132448058444442, 2.0739309266067454, 0.5613416774965487],
 [20, 10, 0.01, 0.41246385448089534, 0.4538104441973762, 0.4310538462378343],
 [20, 10, 0.1, 0.41845023258704667, 0.4731994062358508, 0.4535009734660108],
 [20, 10, 1, 0.5320641304163904, 2.309082968336045, 0.47512383545077913],
 [20, 11, 0.01, 0.408783650893095, 0.45509052489304774, 0.4287668293549272],
 [20, 11, 0.1, 0.4134514342413527, 0.4640424766452719, 0.4282449198105919],
 [20, 11, 1, 0.5695059412497392, 1.9629984800277658, 2.9424556134892463],
 [20, 12, 0.01, 0.3724150411667499, 0.4502610764366475, 0.42575698273315754],
 [20, 12, 0.1, 0.4443043728792347, 0.461493651393869, 0.5522157880940486],
 [20, 12, 1, 0.46402986110202804, 1.5109424185084355, 1.4351047051382826],
 [20, 13, 0.01, 0.40461883806015847, 0.4558042274128252, 0.4428383469432308],
 [20, 13, 0.1, 0.4234020985290881, 0.4571697581392731, 0.45751045517873484],
 [20, 13, 1, 0.599575322534032, 1.3702017122726418, 1.7594707936056635],
 [20, 14, 0.01, 0.37807344546660765, 0.44401250765748007, 0.4263460507814326],
 [20, 14, 0.1, 0.387857878282171, 0.45948880623651894, 0.42836349309004446],
 [20, 14, 1, 0.4877837388722754, 2.0087785814804127, 0.4816085619774317],
 [20, 15, 0.01, 0.41890463880656537, 0.44255341043429286, 0.43824301147946493],
 [20, 15, 0.1, 0.4188278079621511, 0.4670836234855275, 0.4396669164912101],
 [20, 15, 1, 0.47556618002121953, 1.804583900693626, 5.048546065015911],
 [20, 16, 0.01, 0.4277874560966269, 0.45281511718936224, 0.4433962831049186],
 [20, 16, 0.1, 0.4337868079984242, 0.48015263713360434, 0.4474996951229791],
 [20, 16, 1, 0.5434615674240496, 1.8397328684348218, 1.3953177433963218],
 [20, 17, 0.01, 0.4227126827401467, 0.4620395383702838, 0.4445061565467611],
 [20, 17, 0.1, 0.40401377227595037, 0.4638410836384588, 0.454789808606783],
 [20, 17, 1, 0.6853223549738361, 2.5066202515220026, 0.8136744889197234],
 [20, 18, 0.01, 0.3953978913009598, 0.4605014106314087, 0.4451797055043982],
 [20, 18, 0.1, 0.4355858378049092, 0.47219631215440605, 0.4549564076789117],
 [20, 18, 1, 0.5985557707771351, 1.6246121823680402, 0.6650526876834401],
 [20, 19, 0.01, 0.42202416240970003, 0.44711443738019696, 0.4480175518564786],
 [20, 19, 0.1, 0.42602319206883515, 0.4744604172395344, 0.4620496827171083],
 [20, 19, 1, 0.7056775266364432, 2.12726901212288, 1.456506343445406],
 [20, 20, 0.01, 0.4581953189272584, 0.4552277161757513, 0.4488825189072801],
 [20, 20, 0.1, 0.42402221028053766, 0.4623909989053702, 0.4402874126607187],
 [20, 20, 1, 0.5525237891615941, 1.1116270066326175, 6.269245919774874],
 [50, 1, 0.01, 0.49196212691051644, 0.5142010645999895, 0.5142429186472196],
 [50, 1, 0.1, 0.5019682757876196, 0.5246627069177692, 0.5058161966970333],
 [50, 1, 1, 0.4814912848685865, 3.01639555592088, 0.5659506704179771],
 [50, 2, 0.01, 0.46008749080662376, 0.4997891979479778, 0.48793598861187687],
 [50, 2, 0.1, 0.46261370679732383, 0.502712967945669, 0.488083628481603],
 [50, 2, 1, 0.4659733574857011, 2.190590104454566, 0.4883760843790844],
 [50, 3, 0.01, 0.45638859604095294, 0.4766409229194523, 0.47687657820342033],
 [50, 3, 0.1, 0.4562825588058039, 0.5022373406987566, 0.483940579411312],
 [50, 3, 1, 0.4473586584685373, 2.494897563571568, 0.5522641680889607],
 [50, 4, 0.01, 0.4360029187419248, 0.4636634461468473, 0.446289982101869],
 [50, 4, 0.1, 0.4500670605423934, 0.4668359329012918, 0.46542709988046266],
 [50, 4, 1, 0.45349769930000566, 2.1619379276539084, 0.6062571929883946],
 [50, 5, 0.01, 0.43293322701597825, 0.45144273827558407, 0.4288875325574796],
 [50, 5, 0.1, 0.4360879417292402, 0.47084560561020555, 0.46435894695707364],
 [50, 5, 1, 0.4666435653800035, 3.3445722221342598, 0.5767077484385474],
 [50, 6, 0.01, 0.4243335367777151, 0.4508532331035414, 0.433096542861987],
 [50, 6, 0.1, 0.420599883010542, 0.4664669137593268, 0.42214323225494027],
 [50, 6, 1, 0.4659570410695298, 2.720766028222377, 0.47878496757458006],
 [50, 7, 0.01, 0.41853027900782563, 0.4380241958041264, 0.43547544126680277],
 [50, 7, 0.1, 0.4275969749363565, 0.48317261029513814, 0.4480759662295939],
 [50, 7, 1, 0.5185395450917414, 2.346137739756206, 1.1221447277110184],
 [50, 8, 0.01, 0.4044894703327113, 0.4402821186046476, 0.4426009674842178],
 [50, 8, 0.1, 0.4231797001466431, 0.4537957267887033, 0.45907277411685576],
 [50, 8, 1, 0.5162822945640094, 3.0515496322550058, 0.6057286598052503],
 [50, 9, 0.01, 0.42510970868661896, 0.4455284256165295, 0.42919807482118466],
 [50, 9, 0.1, 0.4216722424483705, 0.465012849964373, 0.4348015988759581],
 [50, 9, 1, 0.514892573144315, 1.8360080906302485, 0.44004803751877025],
 [50, 10, 0.01, 0.4216230316597652, 0.44133434446922104, 0.42918247389910535],
 [50, 10, 0.1, 0.4309128603728361, 0.4610170932849501, 0.4663064269088625],
 [50, 10, 1, 0.5319327805572949, 2.1798136416121094, 1.0667512095744944],
 [50, 11, 0.01, 0.42571607356197827, 0.44033651897731757, 0.44358485111260915],
 [50, 11, 0.1, 0.4231617916158064, 0.4578532282440186, 0.4287674115850731],
 [50, 11, 1, 0.5859847783380534, 2.0926054165184618, 1.412368514805951],
 [50, 12, 0.01, 0.40089251297619555, 0.44108669755754243, 0.4445358903343956],
 [50, 12, 0.1, 0.4349406310509867, 0.4580185257142434, 0.44745615216533313],
 [50, 12, 1, 0.5563738106491782, 1.8078249405558409, 0.4819854373167642],
 [50, 13, 0.01, 0.4215580150865558, 0.4380363881068381, 0.46279937043073255],
 [50, 13, 0.1, 0.43569916056125574, 0.45014348897423506, 0.5121932902597448],
 [50, 13, 1, 0.6229694599048318, 1.7691593477032357, 4.201796638769905],
 [50, 14, 0.01, 0.4244551856719336, 0.4417102819068037, 0.4472966660266811],
 [50, 14, 0.1, 0.4272483709369612, 0.4655187694661528, 0.4793508546363244],
 [50, 14, 1, 0.4266135719451721, 1.6401134919077376, 0.43496451245159173],
 [50, 15, 0.01, 0.4328288010248634, 0.4420397700882764, 0.4339045717551812],
 [50, 15, 0.1, 0.4268801237181246, 0.45279712663094784, 0.4329739688943823],
 [50, 15, 1, 0.5690571045972024, 2.9770747238943627, 0.8383571347613299],
 [50, 16, 0.01, 0.43822718313532105, 0.43998007464414846, 0.4181289665332531],
 [50, 16, 0.1, 0.42172757149519013, 0.4531059737954661, 0.44613793968935],
 [50, 16, 1, 0.6372882745110051, 1.4398398955015224, 0.4353420352496266],
 [50, 17, 0.01, 0.4189451849320417, 0.4535385318362681, 0.4427589247982003],
 [50, 17, 0.1, 0.4441326103296851, 0.4627839040841721, 0.4331139719375972],
 [50, 17, 1, 0.5739934869665032, 1.4800235973850957, 0.9238352110965066],
 [50, 18, 0.01, 0.41598381978559706, 0.447600581876302, 0.43774496483310454],
 [50, 18, 0.1, 0.43446703786720076, 0.4640947500680146, 0.46338275252054056],
 [50, 18, 1, 0.7751935255762722, 1.9325497933093847, 0.6702787253635857],
 [50, 19, 0.01, 0.4387403087739342, 0.4487219833553013, 0.44422876176154025],
 [50, 19, 0.1, 0.44881786324304346, 0.4619129388350814, 0.46069002783347696],
 [50, 19, 1, 0.6219353809105378, 1.8394254930852902, 0.6052345689493338],
 [50, 20, 0.01, 0.4350751186975084, 0.44698721609555214, 0.4507576552543762],
 [50, 20, 0.1, 0.4291875378378724, 0.4606682815140767, 0.43606070491174703],
 [50, 20, 1, 0.77422942878453, 2.1148993791743327, 0.48557093762706893],
 [100, 1, 0.01, 0.4834334589851128, 0.5066676831658371, 0.5099729697247702],
 [100, 1, 0.1, 0.4864580566911778, 0.5164422241278911, 0.5126620240184285],
 [100, 1, 1, 0.502086117309734, 1.1329425958026011, 0.7179063342772773],
 [100, 2, 0.01, 0.4680943209842915, 0.490491073000491, 0.4824975089101907],
 [100, 2, 0.1, 0.4717650277817187, 0.5203260324562633, 0.5360102731873904],
 [100, 2, 1, 0.4888418177475442, 2.2850219718993783, 0.5075021885477258],
 [100, 3, 0.01, 0.4510534570071165, 0.4657809821820488, 0.465147658136179],
 [100, 3, 0.1, 0.4575003085534702, 0.4769328104334414, 0.45670637503577816],
 [100, 3, 1, 0.47066005052456494, 2.235039238789308, 0.7629156482333831],
 [100, 4, 0.01, 0.4464235633957891, 0.45518142209992896, 0.46226441171072036],
 [100, 4, 0.1, 0.45478656413351803, 0.47949077272600266, 0.49448297654781415],
 [100, 4, 1, 0.4716838233891682, 2.140918005922694, 1.8640670278643694],
 [100, 5, 0.01, 0.4302525312365586, 0.4486894462771905, 0.4442601478507095],
 [100, 5, 0.1, 0.444979313823211, 0.45426771658068626, 0.4364179306454803],
 [100, 5, 1, 0.45800840337438575, 1.6010659903203777, 3.994501037734689],
 [100, 6, 0.01, 0.425561218352993, 0.4407312157832415, 0.43872519094616114],
 [100, 6, 0.1, 0.4274751656071679, 0.4540852079709913, 0.45702978429259894],
 [100, 6, 1, 0.478505269553583, 1.707197700354967, 1.388440842533144],
 [100, 7, 0.01, 0.42174123806906644, 0.44102281910094343, 0.41849190274825954],
 [100, 7, 0.1, 0.43845887941055645, 0.4572727090097379, 0.4464957275213011],
 [100, 7, 1, 0.48523973504829987, 1.9589448167496752, 0.6024497907637272],
 [100, 8, 0.01, 0.42487496789476287, 0.4388861932170802, 0.42914177804550796],
 [100, 8, 0.1, 0.4203292149208756, 0.4538762308328626, 0.42330253433634835],
 [100, 8, 1, 0.4987786900951824, 1.8175578439609203, 0.5175839485933761],
 [100, 9, 0.01, 0.4127256299416497, 0.4320079609811621, 0.4284870919502154],
 [100, 9, 0.1, 0.4359365533436269, 0.4583939191935982, 0.44262336905030064],
 [100, 9, 1, 0.4866172254491413, 1.2091721032257485, 0.7990133801474112],
 [100, 10, 0.01, 0.4238269282493369, 0.43193769194566256, 0.4254236575547273],
 [100, 10, 0.1, 0.4304203785098445, 0.4540027892457276, 0.46840685723718617],
 [100, 10, 1, 0.5251905057543653, 2.1231723578105663, 0.6070565221562941],
 [100, 11, 0.01, 0.4379524701070222, 0.4386073639376761, 0.420519787963745],
 [100, 11, 0.1, 0.42413096146090085, 0.4439842319434647, 0.4346793506209505],
 [100, 11, 1, 0.4358365159799214, 1.435612341374798, 1.0655036677116305],
 [100, 12, 0.01, 0.4405089228530318, 0.43970103623663476, 0.44050609164489735],
 [100, 12, 0.1, 0.43296310582559594, 0.44798167765911356, 0.4436600324957773],
 [100, 12, 1, 0.5890906346809589, 1.4426492002477418, 0.6910903987257211],
 [100, 13, 0.01, 0.41706780946569255, 0.44352130787708105, 0.4244330880813884],
 [100, 13, 0.1, 0.41728483306365394, 0.43976833437408586, 0.44377418963370807],
 [100, 13, 1, 0.6111793321075509, 3.2728789722280047, 4.001831947586371],
 [100, 14, 0.01, 0.4268944229784643, 0.4341683293312616, 0.4320801376838498],
 [100, 14, 0.1, 0.43381505339903015, 0.45007046679575824, 0.44357091735373666],
 [100, 14, 1, 0.508888115402241, 1.4299377210599782, 1.067304258330596],
 [100, 15, 0.01, 0.43485470148845795, 0.43803723891205476, 0.44607385267392197],
 [100, 15, 0.1, 0.44022175082401677, 0.4575954829044465, 0.4499271401393919],
 [100, 15, 1, 0.6509888410365432, 2.301512859316808, 0.8712945912666905],
 [100, 16, 0.01, 0.43448726295937135, 0.4411663856298397, 0.42371563793325673],
 [100, 16, 0.1, 0.4275036339582884, 0.44664097178620377, 0.4333001217739921],
 [100, 16, 1, 0.6453152346864659, 1.81902917108482, 0.445158073479889],
 [100, 17, 0.01, 0.4260400578719555, 0.4413590528598559, 0.44235131358150614],
 [100, 17, 0.1, 0.44241801979980744, 0.4512164562242833, 0.46388093292862365],
 [100, 17, 1, 0.5852539104708165, 1.3926024348115096, 0.7821445680136041],
 [100, 18, 0.01, 0.4282200294239204, 0.44553758809798055, 0.433275565899122],
 [100, 18, 0.1, 0.4237724353087078, 0.45914608084189945, 0.4135856936810939],
 [100, 18, 1, 0.635299600844866, 1.3838716967227387, 0.6139592396494381],
 [100, 19, 0.01, 0.4315045937145575, 0.4426932888432396, 0.43234839596603714],
 [100, 19, 0.1, 0.4282788651281109, 0.4534317883534385, 0.45431515174540005],
 [100, 19, 1, 0.6924982282547799, 1.5686297196591783, 0.7469276066793771],
 [100, 20, 0.01, 0.4400329398056595, 0.44556984801265626, 0.4295861525218058],
 [100, 20, 0.1, 0.4490181159002783, 0.45769589459896876, 0.4504965714782868],
 [100, 20, 1, 0.6127152380676916, 0.8684714723452076, 0.9531844009647819],
 [200, 1, 0.01, 0.4900301682627135, 0.5043252225415216, 0.5058327991438875],
 [200, 1, 0.1, 0.4943290930685458, 0.5215978706063163, 0.5131315982739775],
 [200, 1, 1, 0.49958343713989717, 1.9086005951881724, 0.7078791999582158],
 [200, 2, 0.01, 0.47865614372261744, 0.4870433379121143, 0.4859009253524174],
 [200, 2, 0.1, 0.4793282409745803, 0.49803258524669347, 0.47312117440135637],
 [200, 2, 1, 0.4823334427018236, 2.0128957910536287, 2.266561856549535],
 [200, 3, 0.01, 0.455404530202295, 0.46620200459751515, 0.4683738638908453],
 [200, 3, 0.1, 0.4628156132261808, 0.49043496612537896, 0.4591894067483769],
 [200, 3, 1, 0.4854822204457598, 2.1479634367410365, 0.6420390299457857],
 [200, 4, 0.01, 0.45725096330487647, 0.44895813246528693, 0.4472630959082948],
 [200, 4, 0.1, 0.4511120555290109, 0.4723596653600053, 0.468317534074312],
 [200, 4, 1, 0.4838520152314672, 2.8285595380350768, 2.687947722393722],
 [200, 5, 0.01, 0.4449583190586147, 0.44356845600603734, 0.43832686959172257],
 [200, 5, 0.1, 0.4365100515129655, 0.4613454977948764, 0.592732686492662],
 [200, 5, 1, 0.46088338332510714, 2.2348041622728756, 0.5597081122057626],
 [200, 6, 0.01, 0.4239566371698705, 0.43238791158244005, 0.4031858791938396],
 [200, 6, 0.1, 0.43303416207812295, 0.45149330282410227, 0.4503876145051696],
 [200, 6, 1, 0.5005079041098683, 2.7247509930722202, 1.7788927714161769],
 [200, 7, 0.01, 0.4319145272737557, 0.43175254374646005, 0.4359554802884357],
 [200, 7, 0.1, 0.43106824225719304, 0.45246592418870807, 0.44627715629443354],
 [200, 7, 1, 0.47129599795162036, 1.7972281127480194, 2.958300241259125],
 [200, 8, 0.01, 0.4384176135368367, 0.43193863141766686, 0.41535808929628093],
 [200, 8, 0.1, 0.41937894062090486, 0.44448999355321356, 0.45538831275300484],
 [200, 8, 1, 0.5134456937210977, 2.0372486915117376, 2.291043739362098],
 [200, 9, 0.01, 0.429376353600926, 0.4367876425638671, 0.4413270106615518],
 [200, 9, 0.1, 0.42068389406453033, 0.4527501502841379, 0.463763782044479],
 [200, 9, 1, 0.4627391046340249, 1.724043104253338, 1.6473067978453495],
 [200, 10, 0.01, 0.4354353082826313, 0.4316264907860952, 0.44720732784897177],
 [200, 10, 0.1, 0.4249434599934735, 0.45195471614512, 0.48160567425407963],
 [200, 10, 1, 0.5400502658402359, 2.533247821954967, 0.45038308543806094],
 [200, 11, 0.01, 0.4241621933433174, 0.4379133721620839, 0.4293366331956341],
 [200, 11, 0.1, 0.4281014394707722, 0.442997327358884, 0.42317381803672593],
 [200, 11, 1, 0.5513889410283714, 1.68614200682919, 0.9964350344637117],
 [200, 12, 0.01, 0.4409728950600288, 0.437806513027639, 0.4520789424787888],
 [200, 12, 0.1, 0.4253269338117668, 0.43975306985948287, 0.4602704222959512],
 [200, 12, 1, 0.5266960087860546, 2.0263444471361822, 1.642867191229523],
 [200, 13, 0.01, 0.4310664088854403, 0.4307642162385048, 0.42789582408276516],
 [200, 13, 0.1, 0.4259120051487969, 0.44514366867759003, 0.4607736746236018],
 [200, 13, 1, 0.5718086537941011, 1.9206592120985158, 0.43145896264618294],
 [200, 14, 0.01, 0.4310846794868472, 0.4400273194150284, 0.45234240669335296],
 [200, 14, 0.1, 0.43885066546719625, 0.4468235522042813, 0.4422777414791446],
 [200, 14, 1, 0.5703473037937323, 1.748637078385541, 0.9657095535783483],
 [200, 15, 0.01, 0.44134481053353225, 0.43553987748949263, 0.43240720944387195],
 [200, 15, 0.1, 0.4336026042297994, 0.4509918107237708, 0.4305996917126658],
 [200, 15, 1, 0.6206045843831152, 2.330257483612461, 0.517833930913168],
 [200, 16, 0.01, 0.4278991034658504, 0.43614662239926333, 0.4491213495461704],
 [200, 16, 0.1, 0.43437993895882804, 0.4491564656096819, 0.4184394277601788],
 [200, 16, 1, 0.7168652425358302, 2.5854100551149637, 3.348772134665082],
 [200, 17, 0.01, 0.43128730183960345, 0.4432844716753624, 0.43531394958967584],
 [200, 17, 0.1, 0.43334469005029497, 0.45745056580308896, 0.4637694976162661],
 [200, 17, 1, 0.663961227282514, 1.4287900442997914, 1.1465039698733357],
 [200, 18, 0.01, 0.43287188077214794, 0.4385187982125198, 0.4489313209290104],
 [200, 18, 0.1, 0.44018953689241236, 0.45270318279803057, 0.4556379797271333],
 [200, 18, 1, 0.7066478910420485, 2.31044275476943, 0.9099096568066075],
 [200, 19, 0.01, 0.4381867330363535, 0.44040536554797605, 0.4534044840643962],
 [200, 19, 0.1, 0.4424264580101315, 0.46459969014944075, 0.48796193663665893],
 [200, 19, 1, 0.6149090569113161, 1.617803684635895, 0.6330097898630447],
 [200, 20, 0.01, 0.44067398525833934, 0.4463233279430955, 0.4237960144916255],
 [200, 20, 0.1, 0.4434672908361727, 0.4640947903203042, 0.4570227659262721],
 [200, 20, 1, 0.7650132400070857, 2.033717126790499, 2.108581453860552]]
