[[2, 0, 0.01, 0.2620271391152991, 0.8494504557513236, 0.5096881149035761],
 [2, 0, 0.1, 0.3436251925671009, 0.748315893435476, 0.5394155101590493],
 [2, 0, 1, 0.2396943502525648, 2.771854877449881, 0.6580337410484195],
 [2, 1, 0.01, 0.020158124056325312, 1.361241317877206, 0.5450692078588903],
 [2, 1, 0.1, 0.014968590357282574, 1.5410694176104873, 0.7461823838585004],
 [2, 1, 1, 0.012787249595829654, 3.9003815333364455, 0.5686239792527733],
 [2, 2, 0.01, 0.0077400567939446135, 1.6533957913048778, 0.580455256623042],
 [2, 2, 0.1, 0.004377723444883301, 1.5800194821360514, 0.6345447392908132],
 [2, 2, 1, 0.008494336657805985, 3.3697923421757614, 2.471969059323093],
 [2, 3, 0.01, 0.00289511555211109, 2.0320871767563395, 0.5784129007271605],
 [2, 3, 0.1, 0.0009583043719533221, 1.8470958092445742, 0.6801597897507461],
 [2, 3, 1, 0.0010283488456277138, 5.937442307734024, 0.6080914089786574],
 [2, 4, 0.01, 0.006552010935951334, 1.5925737479810296, 0.6790743625137721],
 [2, 4, 0.1, 0.007180489333318682, 1.5377863806713576, 0.6446579060484239],
 [2, 4, 1, 0.0031347061275840394, 4.028327556667409, 1.9657343104071858],
 [2, 5, 0.01, 0.0034939061973070346, 1.2188008394532936, 0.6852958941597674],
 [2, 5, 0.1, 0.002786939693974302, 1.4245601784549087, 0.41327681506492425],
 [2, 5, 1, 0.003985239343274283, 2.6376008307440175, 0.45613059038884096],
 [2, 6, 0.01, 0.0062847470438438646, 2.6680636775964066, 1.435432937846664],
 [2, 6, 0.1, 0.0025407291934320115, 1.77763379417053, 0.6194789979689643],
 [2, 6, 1, 0.0024833142989372213, 4.093048988720351, 2.7038035795219737],
 [2, 7, 0.01, 0.0017861687236556682, 1.792898322502434, 0.468957899638339],
 [2, 7, 0.1, 0.005924803792019605, 1.6971252726068802, 0.7387521374043051],
 [2, 7, 1, 0.00308014107637098, 5.080317703742965, 0.4398852856307037],
 [2, 8, 0.01, 0.0006902914311195334, 1.3129845873515789, 0.43535575714713387],
 [2, 8, 0.1, 0.00040513452828943084, 1.4493110854077886, 0.4957952094252269],
 [2, 8, 1, 0.004767607913338445, 3.8277642504009664, 2.304972364566213],
 [2, 9, 0.01, 0.0023479098392797924, 0.9840956058069563, 0.34680170755242257],
 [2, 9, 0.1, 0.0025393694444866286, 1.5836726838332604, 0.5232445306723481],
 [2, 9, 1, 0.001714074228232896, 2.7599552609228417, 0.6953659680656663],
 [2, 10, 0.01, 0.001614425151869259, 1.3712167589599127, 0.41495582495989514],
 [2, 10, 0.1, 0.002710025486179346, 1.9113735955246767, 0.7142618589386007],
 [2, 10, 1, 0.006310010758480563, 3.0689749108236635, 0.8657407273121285],
 [2, 11, 0.01, 0.005559507334533387, 1.7290507911490174, 0.4810119284925311],
 [2, 11, 0.1, 0.011701364826539148, 1.7832259774760721, 0.8330590547772272],
 [2, 11, 1, 0.008538539108114352, 3.9199027655227594, 1.4602975029934946],
 [2, 12, 0.01, 0.002160847563410963, 1.547239564270848, 0.5550720332194276],
 [2, 12, 0.1, 0.0042496484299578445, 1.5308692631316434, 0.579778541873763],
 [2, 12, 1, 0.005085338879599307, 4.9604445561329245, 3.3052295075829257],
 [2, 13, 0.01, 0.0038289951461639216, 2.046242038652694, 0.6061097121842126],
 [2, 13, 0.1, 0.0038696223970572973, 1.842283326819444, 0.885746192952116],
 [2, 13, 1, 0.0011260115164354872, 5.084226701352658, 1.3322483722414313],
 [2, 14, 0.01, 0.007285319330603969, 1.4598441976152696, 0.4521056225378602],
 [2, 14, 0.1, 0.005882491328876539, 2.0454052878783484, 0.7624370435813778],
 [2, 14, 1, 0.0045179792213197525, 4.105902379946188, 4.054496366294044],
 [2, 15, 0.01, 0.003009764314486684, 1.2018704527498278, 0.5798944243424508],
 [2, 15, 0.1, 0.001169269984208629, 1.3795639829600899, 0.6313450847392781],
 [2, 15, 1, 0.0064244801051017986, 2.1279457113462947, 0.37901177203750236],
 [2, 16, 0.01, 0.0037058058357766046, 1.6550131979270213, 0.565665243942627],
 [2, 16, 0.1, 0.0033451212354055604, 2.427537217151864, 1.0454988157817122],
 [2, 16, 1, 0.0037248700117392024, 4.568661300165148, 2.888471126084049],
 [2, 17, 0.01, 0.000679506006002569, 1.2199851581827654, 0.36975139324434053],
 [2, 17, 0.1, 0.007177214754765443, 1.789003933423737, 0.5947498279808695],
 [2, 17, 1, 0.0032593577704816967, 3.221247539702909, 2.7263086998400556],
 [2, 18, 0.01, 0.006086021961766502, 1.8794313675732983, 0.7259231067984282],
 [2, 18, 0.1, 0.006518388203823999, 1.5109404822022956, 0.4602881072515654],
 [2, 18, 1, 0.0053207122149972535, 4.264516379702153, 2.5375344420439534],
 [2, 19, 0.01, 0.008012461562899552, 1.8181519701961926, 0.6515640106902818],
 [2, 19, 0.1, 0.0016072251250939511, 1.5864024205667315, 0.5135441580541767],
 [2, 19, 1, 0.0041007046732052, 2.5566689782842484, 6.306233176931528],
 [2, 20, 0.01, 0.003728932126532002, 1.8359531117063395, 0.7588309578759814],
 [2, 20, 0.1, 0.0034399318608353143, 1.838259383201485, 0.7151552214794281],
 [2, 20, 1, 0.004171937569245333, 3.1732945600934164, 0.768119633671085],
 [5, 0, 0.01, 0.4138349470130344, 0.6030493076368048, 0.48935491716976487],
 [5, 0, 0.1, 0.42527945696940217, 0.6296750817621066, 0.5273253072600127],
 [5, 0, 1, 0.4077714964487641, 1.7760471360874006, 2.4467440017272257],
 [5, 1, 0.01, 0.1821874914964988, 1.1143519001720457, 0.5995229138995398],
 [5, 1, 0.1, 0.2260158994919086, 0.9352082901658412, 0.5523795046370533],
 [5, 1, 1, 0.2379339823038933, 3.793064475035725, 1.047402302916188],
 [5, 2, 0.01, 0.1581434696492717, 0.7537559369890653, 0.41456367274343553],
 [5, 2, 0.1, 0.16325732323128103, 0.8751652817249662, 0.37699133054370065],
 [5, 2, 1, 0.13733153632888812, 3.877196574351031, 0.43318519766121505],
 [5, 3, 0.01, 0.08747046424174656, 1.282651862059355, 0.536796187135535],
 [5, 3, 0.1, 0.12845201314962212, 0.4561437083105039, 0.26630602247658386],
 [5, 3, 1, 0.10317405380345886, 4.036080045715613, 0.2658751483111388],
 [5, 4, 0.01, 0.08996706135552313, 0.48027201440421424, 0.19789901150499248],
 [5, 4, 0.1, 0.06932899536435456, 1.0740057393423863, 0.48419265589169463],
 [5, 4, 1, 0.07896274371165399, 2.3114874704601194, 1.8631648939536327],
 [5, 5, 0.01, 0.06970247167724702, 0.4248708897956475, 0.22417311497072126],
 [5, 5, 0.1, 0.07564948288901592, 0.643567435434724, 0.2588826296937766],
 [5, 5, 1, 0.052955427012169064, 2.925005767571463, 1.6982212144567148],
 [5, 6, 0.01, 0.056249731863940354, 0.8213196967809682, 0.21911281028773094],
 [5, 6, 0.1, 0.05754605329299386, 0.6853951322882883, 0.15842216650723429],
 [5, 6, 1, 0.06843078490569827, 2.225087133000078, 0.6754275495767575],
 [5, 7, 0.01, 0.05854972272797693, 0.4869516586966952, 0.19897661506448278],
 [5, 7, 0.1, 0.047055413633405076, 0.5196949680777367, 0.20164818490082537],
 [5, 7, 1, 0.0555916726774043, 2.441766868332988, 6.614993213731288],
 [5, 8, 0.01, 0.05746346379574783, 0.4583419714370338, 0.18711229429240364],
 [5, 8, 0.1, 0.062043930392075855, 0.42781312248268166, 0.1828289927146614],
 [5, 8, 1, 0.04219677288715622, 2.29546968330624, 0.2795156876124853],
 [5, 9, 0.01, 0.0358433102420664, 1.3854395140654951, 0.41189615856764494],
 [5, 9, 0.1, 0.05591066329616136, 0.8932081750804629, 0.21926812399112183],
 [5, 9, 1, 0.049240248288976926, 2.3461095104680223, 1.7175040455830155],
 [5, 10, 0.01, 0.051363566560238716, 1.144264922481987, 0.21459913620427265],
 [5, 10, 0.1, 0.05156776058185023, 0.842909800412999, 0.23956700716125234],
 [5, 10, 1, 0.056001772553606076, 2.9800227721406563, 0.37737372676421954],
 [5, 11, 0.01, 0.05362011703382504, 1.288253806999737, 0.26149928642811504],
 [5, 11, 0.1, 0.056517511783180485, 0.6247804160785542, 0.22506428356409489],
 [5, 11, 1, 0.05923541420833296, 4.446212502706428, 5.469927716223699],
 [5, 12, 0.01, 0.04694690363975958, 0.8882907484384386, 0.24506072012550528],
 [5, 12, 0.1, 0.05029997877045218, 0.5647286723378149, 0.26118958309724205],
 [5, 12, 1, 0.0445042854131071, 2.4664477855289455, 0.2732130113636152],
 [5, 13, 0.01, 0.048341062587348785, 1.3420263209182823, 0.31690860413970406],
 [5, 13, 0.1, 0.06244239027153525, 0.7873431362035109, 0.2358505946933333],
 [5, 13, 1, 0.06122109321352531, 2.612461959030174, 0.5279597613806071],
 [5, 14, 0.01, 0.05128536416414432, 0.7153681062333945, 0.23194282126115467],
 [5, 14, 0.1, 0.06303464861189441, 0.8884397956586201, 0.2546640956652217],
 [5, 14, 1, 0.05557232841265884, 3.0489171167958253, 0.21932768950946466],
 [5, 15, 0.01, 0.058783726484859286, 0.6271975231934316, 0.20622842269941163],
 [5, 15, 0.1, 0.05444916165026108, 1.05280098610564, 0.24877336008869955],
 [5, 15, 1, 0.044143790649110295, 2.290196280513696, 1.042754925592059],
 [5, 16, 0.01, 0.0561313285237248, 0.7136233733149752, 0.29045570129002746],
 [5, 16, 0.1, 0.04404168913599853, 1.443126001309737, 0.39078335750588744],
 [5, 16, 1, 0.0558658035352665, 2.3202368911422178, 2.5917344258033994],
 [5, 17, 0.01, 0.060722884659209705, 0.9149508003436271, 0.22898492316675184],
 [5, 17, 0.1, 0.05638472897282376, 0.8913111606912691, 0.2714031926580077],
 [5, 17, 1, 0.06644109823334128, 1.8707405454751864, 0.2514256548230021],
 [5, 18, 0.01, 0.06115569837884986, 1.0602832726167137, 0.21658318810356597],
 [5, 18, 0.1, 0.0456333772303239, 0.9118253129040333, 0.31767370176174187],
 [5, 18, 1, 0.057141789305828805, 4.972694776121534, 1.8463659486868036],
 [5, 19, 0.01, 0.06531462025601578, 0.9945490554072667, 0.2087772391621699],
 [5, 19, 0.1, 0.06792852243804268, 1.2290442933517431, 0.3229922316575641],
 [5, 19, 1, 0.04314730014536855, 4.401029477176042, 0.2248631367836262],
 [5, 20, 0.01, 0.04454950791828109, 0.9613388779807333, 0.22420065297639688],
 [5, 20, 0.1, 0.051616465419480465, 0.9651140874120973, 0.2822933179716581],
 [5, 20, 1, 0.045087344180960796, 2.7839201842460306, 0.31958521050061894],
 [10, 0, 0.01, 0.43911439934651686, 0.5637247648935771, 0.4895335245698664],
 [10, 0, 0.1, 0.48183496096756195, 0.581796755533974, 0.5174975202282547],
 [10, 0, 1, 0.4384425504141947, 2.7093297022935614, 0.5380465643166492],
 [10, 1, 0.01, 0.34205418407736343, 0.7250892243676027, 0.5038102659993546],
 [10, 1, 0.1, 0.37286988100570434, 0.6501613701765644, 0.49442759653737345],
 [10, 1, 1, 0.30688997784151717, 2.723240844504006, 2.0417807460403896],
 [10, 2, 0.01, 0.2523358889283845, 0.40751593577032336, 0.3117434285702128],
 [10, 2, 0.1, 0.23911895655109006, 0.5907578135636451, 0.37513486879113067],
 [10, 2, 1, 0.2360987864614962, 2.7612107256201748, 0.4834088529021605],
 [10, 3, 0.01, 0.13640598988246064, 0.3522855440930478, 0.21159704734449336],
 [10, 3, 0.1, 0.14465124894982967, 0.3366787450937696, 0.22835960975938993],
 [10, 3, 1, 0.14539697557596465, 2.1956247800768387, 0.23004603810963986],
 [10, 4, 0.01, 0.09495449730412756, 0.29744589632365687, 0.15069467012785598],
 [10, 4, 0.1, 0.10359068607698063, 0.19883710821793077, 0.1301194992793491],
 [10, 4, 1, 0.1090638951116619, 2.638713983415397, 1.1090547895854346],
 [10, 5, 0.01, 0.09102581269372584, 0.19037140224075394, 0.13695780484386527],
 [10, 5, 0.1, 0.08214657761860425, 0.2632148166326918, 0.1370513481582588],
 [10, 5, 1, 0.08848227772538003, 1.8532637323564045, 0.28816913758514573],
 [10, 6, 0.01, 0.08860182204305608, 0.33328421102585315, 0.14714820800751943],
 [10, 6, 0.1, 0.09134228142723767, 0.28265920931177246, 0.12701236545090752],
 [10, 6, 1, 0.09508542296747227, 1.4334768850463746, 0.692991920819501],
 [10, 7, 0.01, 0.09180139363759626, 0.21811767983639774, 0.1354405935009912],
 [10, 7, 0.1, 0.0945435977956812, 0.22127201581726247, 0.14981037907748634],
 [10, 7, 1, 0.09687349286966587, 1.1101670612249115, 1.3002536061648087],
 [10, 8, 0.01, 0.08793972055180263, 0.2737097389662231, 0.15360552070183597],
 [10, 8, 0.1, 0.07997869511117417, 0.41732516441566664, 0.1561395557166851],
 [10, 8, 1, 0.09021970798878992, 2.1311600720749344, 0.8973601525332974],
 [10, 9, 0.01, 0.10115059027970556, 0.23824704471806296, 0.1614917256531517],
 [10, 9, 0.1, 0.08895193875266126, 0.31198491189423383, 0.17376640060723902],
 [10, 9, 1, 0.08898843384099378, 2.457681988887051, 0.36332940871521213],
 [10, 10, 0.01, 0.0896924711722695, 0.3314018274758723, 0.18461940939100788],
 [10, 10, 0.1, 0.0938248141002458, 0.30275602530038165, 0.17458903805815548],
 [10, 10, 1, 0.0880578487488713, 3.046314674931046, 0.5692236266290478],
 [10, 11, 0.01, 0.0944792658397043, 0.2793472907237803, 0.17132894609404736],
 [10, 11, 0.1, 0.09468808654847263, 0.33866494463472135, 0.18124905920461892],
 [10, 11, 1, 0.08639849295972477, 1.893353677916781, 0.6785207910867852],
 [10, 12, 0.01, 0.09063914236127876, 0.3188261144449646, 0.16356921995264848],
 [10, 12, 0.1, 0.09312557575637065, 0.3842157991722449, 0.1904052575799758],
 [10, 12, 1, 0.0983911512527412, 1.763243148901847, 1.470166826724918],
 [10, 13, 0.01, 0.09093544641487096, 0.37987609433182706, 0.17646445025945506],
 [10, 13, 0.1, 0.09204212804480262, 0.3518464351857563, 0.16727343175069276],
 [10, 13, 1, 0.08579880198650812, 3.225666612210104, 0.4031354672316568],
 [10, 14, 0.01, 0.07657976539394937, 0.420010056888754, 0.20163670725168512],
 [10, 14, 0.1, 0.08581817280809187, 0.515328133544484, 0.2538748689024753],
 [10, 14, 1, 0.0841828737946347, 2.399984319835298, 3.278094257883393],
 [10, 15, 0.01, 0.08724022426088539, 0.43177756105138165, 0.17082134022936427],
 [10, 15, 0.1, 0.08502032962492677, 0.4161320411587712, 0.22994441765478565],
 [10, 15, 1, 0.07981501639587817, 2.1360090506015674, 2.71697282424387],
 [10, 16, 0.01, 0.08762636658651046, 0.44717346264707525, 0.2212423250727745],
 [10, 16, 0.1, 0.09163605859197684, 0.4360364405314326, 0.19575024245495382],
 [10, 16, 1, 0.08189689257077816, 2.1791256108937787, 0.5791396719461431],
 [10, 17, 0.01, 0.0966594144952406, 0.30129306625426244, 0.18241943226796523],
 [10, 17, 0.1, 0.08476936775655594, 0.31441957657901287, 0.15367908228808466],
 [10, 17, 1, 0.07405907088804245, 2.237423148405437, 0.2872329818170804],
 [10, 18, 0.01, 0.07928619953768848, 0.4377570739409885, 0.2516011249525],
 [10, 18, 0.1, 0.08204792889217279, 0.49813970314157574, 0.19953559852851563],
 [10, 18, 1, 0.09972521015712389, 2.231022435144622, 0.24518609710267866],
 [10, 19, 0.01, 0.08804253386882213, 0.3750079897839055, 0.19885187216955666],
 [10, 19, 0.1, 0.08282516643569052, 0.6108674753158514, 0.19994586039927237],
 [10, 19, 1, 0.07976143852605408, 1.7302998117597919, 2.0950464393743453],
 [10, 20, 0.01, 0.0876031466863069, 0.6070707378895979, 0.16857699169202608],
 [10, 20, 0.1, 0.08526058474633286, 0.280946953979678, 0.17993891291207217],
 [10, 20, 1, 0.09583612787973639, 2.637327335697778, 0.542018849692208],
 [20, 0, 0.01, 0.45489936515372326, 0.5094003470617853, 0.49088484967615037],
 [20, 0, 0.1, 0.4638081396605614, 0.5769029614307251, 0.546196682548607],
 [20, 0, 1, 0.47230712801999586, 2.128437704018537, 0.509761748954946],
 [20, 1, 0.01, 0.40918228603445544, 0.5667284260559364, 0.5036845162973349],
 [20, 1, 0.1, 0.46198346343129615, 0.5936903457586974, 0.4978179854561945],
 [20, 1, 1, 0.4259048092332886, 1.9955796668034669, 0.5908994719871016],
 [20, 2, 0.01, 0.28867173767048315, 0.32678164314179897, 0.3023446384337864],
 [20, 2, 0.1, 0.28012137208440224, 0.379832751484586, 0.33000583889590746],
 [20, 2, 1, 0.2830590700771299, 1.8208922112201038, 0.9554066465792567],
 [20, 3, 0.01, 0.15145337099735173, 0.21435756961026348, 0.17901794365290952],
 [20, 3, 0.1, 0.15099055244996867, 0.26109408308723825, 0.19029632870201002],
 [20, 3, 1, 0.1587258353901264, 2.5498286230792844, 1.400654510580643],
 [20, 4, 0.01, 0.11397078172113558, 0.14606851987508315, 0.1300812145034498],
 [20, 4, 0.1, 0.10789480848018104, 0.14990257521948946, 0.12783915079451844],
 [20, 4, 1, 0.10557368780278205, 4.626758068567222, 1.4606808997999616],
 [20, 5, 0.01, 0.1049326300301262, 0.14943897503943837, 0.13501373890128465],
 [20, 5, 0.1, 0.10226532180301444, 0.1503510698969569, 0.1130700022968471],
 [20, 5, 1, 0.10142636088093437, 1.0959214666864294, 0.20995050690068925],
 [20, 6, 0.01, 0.1159021423425238, 0.1508599053206461, 0.13748188062426514],
 [20, 6, 0.1, 0.10304106621034155, 0.17049943623778002, 0.16077181601409962],
 [20, 6, 1, 0.10122259655681538, 1.674081062679221, 5.263237807348518],
 [20, 7, 0.01, 0.11183342869988173, 0.18102365325304035, 0.1389324252332201],
 [20, 7, 0.1, 0.10667171262108122, 0.20001060262645232, 0.15346222003920426],
 [20, 7, 1, 0.11026832689876068, 3.885783084318207, 0.39369101105309984],
 [20, 8, 0.01, 0.11267974406211456, 0.1876226404116729, 0.14804946659687504],
 [20, 8, 0.1, 0.1089308802484392, 0.23203729456114236, 0.15454731252053147],
 [20, 8, 1, 0.10880360591695415, 1.768527817650978, 5.089146120605518],
 [20, 9, 0.01, 0.12088183574837666, 0.19489447337960725, 0.1579939256699456],
 [20, 9, 0.1, 0.11223395763977655, 0.22644387441892205, 0.15663727365048405],
 [20, 9, 1, 0.1067482101743682, 2.2850532007396964, 0.7444724594999317],
 [20, 10, 0.01, 0.11287758249949362, 0.21317347631553943, 0.1513789135512696],
 [20, 10, 0.1, 0.11033534911159855, 0.2453489556107294, 0.18755208720334823],
 [20, 10, 1, 0.10820024909537354, 3.445093074069452, 5.165283293211075],
 [20, 11, 0.01, 0.10738281787797388, 0.2719168968033294, 0.1736872405451159],
 [20, 11, 0.1, 0.11602388068275227, 0.22407469198932692, 0.16805922935435927],
 [20, 11, 1, 0.10922760275713969, 1.801033248546036, 0.4915287997892502],
 [20, 12, 0.01, 0.11011426262612936, 0.22383815654442266, 0.1630935786235847],
 [20, 12, 0.1, 0.1078031708837538, 0.2904872643502594, 0.23735800617910785],
 [20, 12, 1, 0.10893365595015166, 1.6266900994929556, 0.20152359655692856],
 [20, 13, 0.01, 0.11425615568988925, 0.19410580982085843, 0.14043510218713381],
 [20, 13, 0.1, 0.1001340993381857, 0.26112530864898975, 0.16925128058897101],
 [20, 13, 1, 0.1096569029741774, 2.1835257190302477, 0.26866646508305786],
 [20, 14, 0.01, 0.10395230518943248, 0.23581323290871675, 0.17059558353831822],
 [20, 14, 0.1, 0.10745798522158707, 0.20615349018485132, 0.13384358447961853],
 [20, 14, 1, 0.10159558658335335, 1.4700854367917213, 0.32610097814473216],
 [20, 15, 0.01, 0.10340151608993224, 0.181181164293087, 0.13712369539769206],
 [20, 15, 0.1, 0.09915268254975582, 0.25335200698060956, 0.14499746288055249],
 [20, 15, 1, 0.10296256472316119, 2.7609666650996307, 0.2544004898853683],
 [20, 16, 0.01, 0.10386371099081762, 0.19811685901353418, 0.14645860755218995],
 [20, 16, 0.1, 0.10138505198312539, 0.23582231921368116, 0.14710721870393523],
 [20, 16, 1, 0.10300220298798465, 3.815368544415737, 0.33789058597616],
 [20, 17, 0.01, 0.09985781465284091, 0.30264225188749105, 0.18960545139361568],
 [20, 17, 0.1, 0.10468578949709158, 0.19192775465772335, 0.1276276803515956],
 [20, 17, 1, 0.09499709544456934, 1.33710044572153, 4.679178986554296],
 [20, 18, 0.01, 0.10036072848837588, 0.15710007875746562, 0.11834028629159858],
 [20, 18, 0.1, 0.09866458890330225, 0.2375018153700464, 0.1347653523963965],
 [20, 18, 1, 0.09656317270923137, 3.5445038428153217, 2.5629451920861346],
 [20, 19, 0.01, 0.10098303001208597, 0.16358573377234392, 0.11585581664801001],
 [20, 19, 0.1, 0.09347880909411253, 0.2630988843938447, 0.17618705996779208],
 [20, 19, 1, 0.09080446589965915, 1.6931217382969475, 1.96350106566277],
 [20, 20, 0.01, 0.09993638129853905, 0.2541695538381009, 0.15878847609790805],
 [20, 20, 0.1, 0.09187622333975284, 0.33796111476831553, 0.15836029581744898],
 [20, 20, 1, 0.0917656747702266, 2.5670417088340307, 1.0708400637590532],
 [50, 0, 0.01, 0.47990977365739934, 0.5027954942317195, 0.5048721296712351],
 [50, 0, 0.1, 0.49760980389078463, 0.5366955853650526, 0.5233645063808756],
 [50, 0, 1, 0.500655264478818, 2.2326040060197077, 0.7722018920542832],
 [50, 1, 0.01, 0.48078820082979234, 0.5192123104021124, 0.49811081886832087],
 [50, 1, 0.1, 0.4824508802296202, 0.5274907906668459, 0.5020636967730304],
 [50, 1, 1, 0.4828112964837028, 3.1753144556776896, 1.727934906471232],
 [50, 2, 0.01, 0.29693004814000407, 0.32264644036398693, 0.29965064042589523],
 [50, 2, 0.1, 0.2956301402713045, 0.3324715241339096, 0.3496253700680451],
 [50, 2, 1, 0.2942752414546291, 2.2505015901211984, 0.3181087166840408],
 [50, 3, 0.01, 0.15518706741793808, 0.17477743448886834, 0.16713687978690117],
 [50, 3, 0.1, 0.15682204978152664, 0.19077159043098324, 0.20177917462301198],
 [50, 3, 1, 0.1487930159756441, 3.228177331606235, 2.7829481350311167],
 [50, 4, 0.01, 0.1098047808064618, 0.12545579786285557, 0.11839938506461883],
 [50, 4, 0.1, 0.10780089443672487, 0.1374556905634384, 0.15217541813362045],
 [50, 4, 1, 0.1153926211116842, 3.2419404268640877, 0.8908483312930456],
 [50, 5, 0.01, 0.109966102578217, 0.11785119113190537, 0.11281703108957472],
 [50, 5, 0.1, 0.10937785736101258, 0.13956769426109075, 0.1272327651137368],
 [50, 5, 1, 0.10645580365138194, 2.87392582157733, 0.1157075318894528],
 [50, 6, 0.01, 0.11354410658056954, 0.13237658978971295, 0.1211093109178934],
 [50, 6, 0.1, 0.11798895706067469, 0.1467405528771194, 0.13883431437998275],
 [50, 6, 1, 0.11855181597660576, 1.9889033457187586, 0.40805364494883617],
 [50, 7, 0.01, 0.12569560592660106, 0.15049940148662416, 0.1324241562212947],
 [50, 7, 0.1, 0.12616248437439045, 0.1614833546323802, 0.15670296855412344],
 [50, 7, 1, 0.1272235750359057, 1.4361797081207537, 0.6063006183461758],
 [50, 8, 0.01, 0.13023463424385484, 0.15984363380778716, 0.14009096621782852],
 [50, 8, 0.1, 0.12600138015081902, 0.17747020774806296, 0.15792367508891542],
 [50, 8, 1, 0.12927767238372412, 3.695157679360616, 0.45837369908993864],
 [50, 9, 0.01, 0.12686071560440887, 0.16570588659100888, 0.15252371129907155],
 [50, 9, 0.1, 0.12971905122841965, 0.16893575282959494, 0.14341561125852875],
 [50, 9, 1, 0.13000499993367293, 2.8040384090644155, 0.13978413034016685],
 [50, 10, 0.01, 0.1265516940084782, 0.15547668925313204, 0.1531105782216053],
 [50, 10, 0.1, 0.1275444746878697, 0.18633490459124388, 0.14589940121333028],
 [50, 10, 1, 0.1335070526210932, 1.9786257521306947, 0.16160154923284037],
 [50, 11, 0.01, 0.12950593814908698, 0.1535865836851489, 0.13765754434714728],
 [50, 11, 0.1, 0.11959360203875076, 0.1814071312677266, 0.15962825271396403],
 [50, 11, 1, 0.12323168871447629, 1.1715881489602216, 0.758946188785205],
 [50, 12, 0.01, 0.12118600689711038, 0.14892392495275592, 0.1304630126387356],
 [50, 12, 0.1, 0.12379102714316292, 0.17257255497346302, 0.1658375226211263],
 [50, 12, 1, 0.11887834244657292, 2.4392924005453773, 0.15490682336682463],
 [50, 13, 0.01, 0.11923175378303566, 0.14148308828008835, 0.12949979551981802],
 [50, 13, 0.1, 0.1169284097933508, 0.15776781900507636, 0.15082716462319826],
 [50, 13, 1, 0.11854703571555147, 2.030925533492476, 1.0079131647158597],
 [50, 14, 0.01, 0.11223991085474332, 0.12970112701007236, 0.12369351850640946],
 [50, 14, 0.1, 0.11374470623909638, 0.1556200247517266, 0.12979751727469774],
 [50, 14, 1, 0.1135740600042355, 1.773761048404659, 0.8674723225203709],
 [50, 15, 0.01, 0.10918815652445413, 0.15571723888709788, 0.1302368047106058],
 [50, 15, 0.1, 0.11154381673607139, 0.16222171048467646, 0.12213691197321139],
 [50, 15, 1, 0.10660741406586496, 2.0826034924932095, 0.24692129664369203],
 [50, 16, 0.01, 0.10452428223099922, 0.11776940386381926, 0.11246350203220398],
 [50, 16, 0.1, 0.10602158886883264, 0.159016253024896, 0.11301477386048954],
 [50, 16, 1, 0.10534835161257121, 3.266925021873564, 0.37807944243297037],
 [50, 17, 0.01, 0.10018532447729425, 0.13191337333907893, 0.11055703140347738],
 [50, 17, 0.1, 0.1034254501695985, 0.17365149319117573, 0.13469617436509246],
 [50, 17, 1, 0.10124208108764673, 3.0531072531384806, 0.1368486227294145],
 [50, 18, 0.01, 0.09930503185801379, 0.1208876584378988, 0.10439571650196],
 [50, 18, 0.1, 0.09689984551518835, 0.14148974094767489, 0.11384846716420309],
 [50, 18, 1, 0.09829768831882739, 1.509844375795375, 0.6559456974317901],
 [50, 19, 0.01, 0.09586850772079133, 0.10268699862674417, 0.09544762784883949],
 [50, 19, 0.1, 0.09894901729552089, 0.1311215145305907, 0.10625704015744539],
 [50, 19, 1, 0.0979127919496948, 1.6689733226628742, 1.0410144509843289],
 [50, 20, 0.01, 0.09655704975147164, 0.14981001606752115, 0.11779099819222576],
 [50, 20, 0.1, 0.09453787141694411, 0.16223120292129828, 0.11809045120421059],
 [50, 20, 1, 0.09524427136748334, 2.3216524419338826, 2.2424257993626826],
 [100, 0, 0.01, 0.49829288846403125, 0.5019844268087896, 0.5083919677647558],
 [100, 0, 0.1, 0.4713622589192049, 0.5096326179980565, 0.5956192314117386],
 [100, 0, 1, 0.49102318496584185, 2.7649510954672687, 0.5307713957415001],
 [100, 1, 0.01, 0.48104796186223603, 0.5104988223751253, 0.4950773627744611],
 [100, 1, 0.1, 0.48995557366517184, 0.5262518018245057, 0.5346095391266467],
 [100, 1, 1, 0.48903651172851337, 2.4207775180553974, 0.4958559824302004],
 [100, 2, 0.01, 0.3002194204852618, 0.30897653714358003, 0.3004633272840976],
 [100, 2, 0.1, 0.29680291603295406, 0.3633635656523558, 0.3065862694699155],
 [100, 2, 1, 0.2913871834212415, 1.3294902535580666, 0.5499508799863315],
 [100, 3, 0.01, 0.15630967235353188, 0.16414190865652603, 0.1615566189762067],
 [100, 3, 0.1, 0.15590988010845566, 0.18669045847929505, 0.1588932257458219],
 [100, 3, 1, 0.15765221608049412, 1.521017210110639, 0.15657636013686219],
 [100, 4, 0.01, 0.11145089580855275, 0.11582922117997389, 0.1126948185605859],
 [100, 4, 0.1, 0.11146075573052353, 0.1281069424710472, 0.11627570050003067],
 [100, 4, 1, 0.10932441550568017, 2.422020761345787, 1.0899611567444007],
 [100, 5, 0.01, 0.11369615070703931, 0.11838081204519932, 0.1180660451485008],
 [100, 5, 0.1, 0.10893649306712587, 0.12962371231312114, 0.15777256198024814],
 [100, 5, 1, 0.11020554355380226, 1.4738357397962685, 1.358163129585977],
 [100, 6, 0.01, 0.11685536800872606, 0.1286968932884193, 0.11971850342338956],
 [100, 6, 0.1, 0.12024300236590235, 0.14762687299976326, 0.11909275054797104],
 [100, 6, 1, 0.11725796476640833, 1.8782278382244175, 2.76364909092758],
 [100, 7, 0.01, 0.13137515714038422, 0.13942987423407524, 0.13615236291361768],
 [100, 7, 0.1, 0.12826867663262817, 0.16131194535833532, 0.1395886958934064],
 [100, 7, 1, 0.12585314969821806, 2.504613381405943, 3.8206648964665684],
 [100, 8, 0.01, 0.13109504386883863, 0.1489793434907049, 0.13931130676294903],
 [100, 8, 0.1, 0.1361369380260408, 0.1624911760123781, 0.1419482760246361],
 [100, 8, 1, 0.1333036692534783, 2.2432520808125522, 1.666640937615954],
 [100, 9, 0.01, 0.13420123352725694, 0.15320716950273405, 0.1474832971686415],
 [100, 9, 0.1, 0.13139371350148407, 0.16790319608454668, 0.13982832517990615],
 [100, 9, 1, 0.13612853780029066, 2.0472206332730205, 0.18307659335633125],
 [100, 10, 0.01, 0.13386751013121775, 0.14984403633281485, 0.1430845851035279],
 [100, 10, 0.1, 0.12973890709682515, 0.18884829118876376, 0.1458293570893322],
 [100, 10, 1, 0.13051848809911032, 1.8635954740596035, 0.1556778493450835],
 [100, 11, 0.01, 0.12894758787621796, 0.1398819559919185, 0.13365278016956542],
 [100, 11, 0.1, 0.12685081493510145, 0.17658359420657982, 0.13768063401527106],
 [100, 11, 1, 0.12895814361427269, 1.6103698471991934, 3.7549267770193993],
 [100, 12, 0.01, 0.12399092687513498, 0.13604799616753221, 0.13249594317436647],
 [100, 12, 0.1, 0.12191653534486671, 0.16420070062996842, 0.1468897314681924],
 [100, 12, 1, 0.12298974029348977, 1.9919013590989756, 0.3353460944986219],
 [100, 13, 0.01, 0.11989918243504198, 0.1294684583500784, 0.12088411497554777],
 [100, 13, 0.1, 0.11786178143421752, 0.1562771067195198, 0.13558432353296535],
 [100, 13, 1, 0.11853327876072976, 1.5614453355917202, 1.7054956416805052],
 [100, 14, 0.01, 0.11313877990215801, 0.12229416682625163, 0.11680882978527285],
 [100, 14, 0.1, 0.1147779995514914, 0.13401339561407188, 0.1180246501141687],
 [100, 14, 1, 0.11244089876155258, 2.2194424816248133, 0.3503842137251561],
 [100, 15, 0.01, 0.10945498596570387, 0.11424368003833743, 0.10553067222179241],
 [100, 15, 0.1, 0.10700414581400128, 0.13210833716465736, 0.13951010536422945],
 [100, 15, 1, 0.10781702812698946, 1.8177817527069942, 1.292403836540396],
 [100, 16, 0.01, 0.10604115929217028, 0.11501229850214922, 0.11261429368122465],
 [100, 16, 0.1, 0.10411930664163875, 0.1382830550596811, 0.1098013802014738],
 [100, 16, 1, 0.10655174792525016, 2.9243581667264555, 0.6684610647165822],
 [100, 17, 0.01, 0.10141252237442891, 0.11226534843070642, 0.10031144768284707],
 [100, 17, 0.1, 0.09948342745496262, 0.11788833915971483, 0.10269962612413282],
 [100, 17, 1, 0.1004178574557177, 2.1981614330520958, 0.46349395665673243],
 [100, 18, 0.01, 0.09560518611593391, 0.10047968753996946, 0.09624802701077131],
 [100, 18, 0.1, 0.09872725210586426, 0.12893867078071744, 0.10125672153538519],
 [100, 18, 1, 0.09835976175617406, 3.0287852435196583, 0.09907354909653907],
 [100, 19, 0.01, 0.09675805108846257, 0.10389791563493085, 0.09637358630175932],
 [100, 19, 0.1, 0.09782595341480747, 0.1251069357634219, 0.10027892473469248],
 [100, 19, 1, 0.09447583080736069, 1.713642455473492, 0.17071573758791225],
 [100, 20, 0.01, 0.09622152549525405, 0.10416228580425431, 0.1016701937743939],
 [100, 20, 0.1, 0.09504676479648456, 0.10537631305374229, 0.1139735400474481],
 [100, 20, 1, 0.09414392767107382, 1.5383126569772894, 1.488947181020434],
 [200, 0, 0.01, 0.5074250547122529, 0.509376921826176, 0.49247359018465175],
 [200, 0, 0.1, 0.49468959813578844, 0.5291274383701137, 0.4832895549204308],
 [200, 0, 1, 0.4884538613113786, 3.1799262197659246, 2.5306797504367164],
 [200, 1, 0.01, 0.4948420902147398, 0.5088761693832717, 0.5243561684185225],
 [200, 1, 0.1, 0.5080326368735917, 0.5338031792830928, 0.49132312836325887],
 [200, 1, 1, 0.49661982627297724, 2.5426306121929634, 1.1755823335778455],
 [200, 2, 0.01, 0.3065617015403838, 0.3126648449944277, 0.29425056740641004],
 [200, 2, 0.1, 0.3057092847930383, 0.32940523247790165, 0.31317790338011126],
 [200, 2, 1, 0.3018888449951939, 1.756554610204505, 0.29498973642164433],
 [200, 3, 0.01, 0.1586287230824228, 0.16120066364500912, 0.1549530961942448],
 [200, 3, 0.1, 0.16066916761801536, 0.17607192232336707, 0.17312134178339053],
 [200, 3, 1, 0.15676528678535526, 2.9936557587839725, 0.20952570825680847],
 [200, 4, 0.01, 0.11403712413160494, 0.11853407202571806, 0.12126977735958859],
 [200, 4, 0.1, 0.11450173571862046, 0.13605267486661038, 0.11949250980409135],
 [200, 4, 1, 0.11119038179025617, 2.1740792066938814, 1.01367478402692],
 [200, 5, 0.01, 0.10879320826840015, 0.11575928966244815, 0.11622893501877873],
 [200, 5, 0.1, 0.11091523450186017, 0.14028009143179562, 0.11455281007752545],
 [200, 5, 1, 0.11081937346376183, 3.1459493958120386, 1.4879149016081206],
 [200, 6, 0.01, 0.12231496900028191, 0.12770052393923476, 0.12348786483103157],
 [200, 6, 0.1, 0.12002939826752794, 0.13607526822728536, 0.12363658139588089],
 [200, 6, 1, 0.12191579084818616, 2.536564011377878, 1.433806461891457],
 [200, 7, 0.01, 0.13075293077342767, 0.13648810140718154, 0.13508838816835225],
 [200, 7, 0.1, 0.13044930416045988, 0.15513953970896222, 0.13747449323646152],
 [200, 7, 1, 0.12906984097623486, 1.423753142311435, 3.431922656888875],
 [200, 8, 0.01, 0.1357457342027833, 0.1376102495861323, 0.13480787296433688],
 [200, 8, 0.1, 0.136901849378394, 0.16601871215428604, 0.13766856460666071],
 [200, 8, 1, 0.13283568818450825, 3.583723119019782, 0.766456216821732],
 [200, 9, 0.01, 0.1366788492442212, 0.14158762438452127, 0.14171920440668206],
 [200, 9, 0.1, 0.13679645939549726, 0.1567201885351367, 0.17350448373937963],
 [200, 9, 1, 0.13680002554511403, 1.1936026364964771, 0.14913808675561763],
 [200, 10, 0.01, 0.13378119877607117, 0.1410785063442116, 0.14144967231579358],
 [200, 10, 0.1, 0.1329420600015614, 0.16094597909405192, 0.1353498313394202],
 [200, 10, 1, 0.131791765955181, 2.112528378018187, 0.22133945387046436],
 [200, 11, 0.01, 0.13067425725823417, 0.13478017201996031, 0.13143773631183492],
 [200, 11, 0.1, 0.1291854466757945, 0.16491643640766301, 0.1347903596076044],
 [200, 11, 1, 0.1299144063877976, 2.9416004958778355, 0.1473415179157137],
 [200, 12, 0.01, 0.12593756361450045, 0.12844279747580417, 0.11885598988930435],
 [200, 12, 0.1, 0.12311820469896315, 0.15326647826474518, 0.1532770201726332],
 [200, 12, 1, 0.12401156919506284, 1.6680809442683544, 0.8113137102993068],
 [200, 13, 0.01, 0.12016854126362, 0.12695900768117016, 0.12406121298084377],
 [200, 13, 0.1, 0.12066596534930119, 0.15523915388052642, 0.138512945952163],
 [200, 13, 1, 0.11962800500679723, 1.9585854440113395, 0.12481705720021614],
 [200, 14, 0.01, 0.1141288299881535, 0.11969929934884742, 0.11545664400996923],
 [200, 14, 0.1, 0.11521079552387206, 0.14398717724146157, 0.11666836614027852],
 [200, 14, 1, 0.11045733148785664, 1.4362951396131454, 7.431115835909954],
 [200, 15, 0.01, 0.10860303264538233, 0.11199016274560211, 0.112120888150633],
 [200, 15, 0.1, 0.10707447235315208, 0.12350560543167192, 0.11986607667978534],
 [200, 15, 1, 0.10634323468429889, 2.582437690279714, 0.3210573019043534],
 [200, 16, 0.01, 0.10480748355734296, 0.10569369114684468, 0.10595230828491446],
 [200, 16, 0.1, 0.10634483633742124, 0.14368111369450168, 0.14795831451599378],
 [200, 16, 1, 0.10396225976783721, 1.9308883850347054, 0.6034685688760799],
 [200, 17, 0.01, 0.1009191311985191, 0.10339997983293414, 0.10806235691211956],
 [200, 17, 0.1, 0.10231986067226968, 0.12461448779749658, 0.09961788831937736],
 [200, 17, 1, 0.10092417680569983, 1.4552462579049195, 0.12553563330782322],
 [200, 18, 0.01, 0.09913364174777746, 0.1013329592189915, 0.09735704771101793],
 [200, 18, 0.1, 0.09788400493282692, 0.12200787410940636, 0.1433768791515735],
 [200, 18, 1, 0.0987292961943317, 3.0614101167487697, 7.6091452404869715],
 [200, 19, 0.01, 0.09569147357827387, 0.09972317788307196, 0.10097397983275794],
 [200, 19, 0.1, 0.09719280260568786, 0.12947029086497427, 0.13167584918621342],
 [200, 19, 1, 0.09507145882272562, 1.9662850435369805, 1.0134187678308588],
 [200, 20, 0.01, 0.09535890172713707, 0.09740757036342988, 0.09465690238948965],
 [200, 20, 0.1, 0.09388361814499624, 0.11533168424517322, 0.11204342177178295],
 [200, 20, 1, 0.096671797848062, 3.0582392579554427, 0.09570141953211192]]
