[[2, 0, 0.01, 0.38625862421293305, 0.67624837751866, 0.507425904911942],
 [2, 0, 0.1, 0.2941435915725298, 0.6571247755523687, 0.5199432093537765],
 [2, 0, 1, 0.2629106830466891, 2.5273937775739705, 1.5416398925898473],
 [2, 1, 0.01, 0.0033918533504501388, 1.4721252705104573, 0.557112774056654],
 [2, 1, 0.1, 0.00669222685609276, 1.705161477447822, 0.5999508315936086],
 [2, 1, 1, 0.005245634347059085, 4.193511318746205, 1.6147815839476198],
 [2, 2, 0.01, 0.002924350123084936, 2.0522133483612657, 0.6801551566652262],
 [2, 2, 0.1, 0.004596067370779737, 1.949411630024811, 0.8701928617447945],
 [2, 2, 1, 0.044586183165086404, 4.496833691278114, 1.6193055913523653],
 [2, 3, 0.01, 0.000571718893651646, 1.9042257247959324, 0.7917861276532984],
 [2, 3, 0.1, 3.905262022901944e-05, 2.3281814591476206, 0.8719722350442398],
 [2, 3, 1, 0.06360849524509758, 5.509936156906805, 1.606037897175715],
 [2, 4, 0.01, 0.0013265529645567222, 2.4402518954418544, 0.7152172381326991],
 [2, 4, 0.1, 0.0011580455582245353, 2.1110378305667856, 0.7875681595930228],
 [2, 4, 1, 0.052569886171769276, 5.645570581759038, 1.413213774393229],
 [2, 5, 0.01, 0.0010153149652273776, 1.7360632693424054, 0.6043020592822267],
 [2, 5, 0.1, 0.0024767753108088783, 2.0973520960649856, 0.7987713287491536],
 [2, 5, 1, 0.033480714520078836, 8.577150568994155, 1.5368894631961965],
 [2, 6, 0.01, 0.0021162855669082346, 1.6537483520203278, 0.7024826046971775],
 [2, 6, 0.1, 0.002193830587630383, 1.8181632085982102, 0.6633314241866791],
 [2, 6, 1, 0.1295046983224069, 10.635222504824748, 2.974411520670317],
 [2, 7, 0.01, 0.00033993059290502104, 2.3226904288076318, 0.8111846380781647],
 [2, 7, 0.1, 0.0009199561125458154, 2.1138073775133956, 0.5677082120659128],
 [2, 7, 1, 0.031666397891642495, 15.42361841466751, 4.077509766530221],
 [2, 8, 0.01, 0.0003734171475294865, 3.0144629407286976, 0.8893659093363165],
 [2, 8, 0.1, 0.00015193726153170557, 1.503197625835093, 0.44845967147888277],
 [2, 8, 1, 0.0320229911585878, 5.443619508373217, 1.7134660754131608],
 [2, 9, 0.01, 0.0046364611698044575, 3.196894649397011, 1.633484052808565],
 [2, 9, 0.1, 0.0018525610122749382, 2.2782226201522695, 0.8365715469373843],
 [2, 9, 1, 0.05575098433399189, 5.817912297194667, 2.2689646781207147],
 [2, 10, 0.01, 0.0014852198705502442, 2.0091441039912215, 0.6927377282568584],
 [2, 10, 0.1, 0.0019585838106078784, 2.0677975857740742, 0.5730021893582878],
 [2, 10, 1, 0.07253435927345733, 8.162216097178533, 2.2295919871778818],
 [2, 11, 0.01, 0.00314108352904651, 1.7070397307716647, 0.5201901740265932],
 [2, 11, 0.1, 0.0021459471299299397, 2.278364876841108, 0.782906229398572],
 [2, 11, 1, 0.003042218721805812, 6.535951908549907, 2.4204861612459716],
 [2, 12, 0.01, 0.002550500044251349, 3.2204908518148345, 1.6293520931460732],
 [2, 12, 0.1, 0.002703628316602701, 1.830796510442229, 0.5968153087477956],
 [2, 12, 1, 0.0691451155731114, 5.9425119921735385, 1.4339208102131233],
 [2, 13, 0.01, 0.0011938549327101162, 2.0571915007396457, 0.6016481714850558],
 [2, 13, 0.1, 7.243244323884278e-05, 2.8847447632098393, 1.3014411860207775],
 [2, 13, 1, 0.00939960125876242, 6.080126248761757, 2.7513093377371693],
 [2, 14, 0.01, 5.7175949356079935e-05, 2.006160687026181, 0.5025006436712878],
 [2, 14, 0.1, 0.0009855360897277666, 1.2852165209320936, 0.49033986175072675],
 [2, 14, 1, 0.04997146407415391, 5.3913266446468455, 2.002402060389381],
 [2, 15, 0.01, 0.0002281088461910421, 1.4258033462347066, 0.4642089634692796],
 [2, 15, 0.1, 0.00021624901943668694, 2.032896524650977, 0.568447847831918],
 [2, 15, 1, 0.0052546407649796826, 7.4933585466610975, 1.7663148694422572],
 [2, 16, 0.01, 0.0007117853103360147, 2.362615667793269, 0.975597863517347],
 [2, 16, 0.1, nan, nan, nan],
 [2, 16, 1, 0.2621508443640243, 7.677772590000643, 1.7374015745799187],
 [2, 17, 0.01, 0.002569757977512798, 2.0552645793120448, 0.5631733518571245],
 [2, 17, 0.1, 0.0005709083072629508, 2.6631497025441497, 0.5221216567488386],
 [2, 17, 1, 16484613.483056102, 2638392.5797015987, 124101.31164934531],
 [2,
  18,
  0.01,
  1.496516278607051e+97,
  2.025228224496096e+96,
  1.0665635655007097e+95],
 [2, 18, 0.1, 0.0010629946610806766, 1.662229701206926, 0.4372227324979587],
 [2, 18, 1, 0.012014545037081228, 7.239603965446254, 1.4338233405172225],
 [2, 19, 0.01, 0.0033848737257519946, 1.800820555953684, 0.6301309400276476],
 [2, 19, 0.1, 0.0017965710335350385, 1.630998872164716, 0.5072955035972877],
 [2, 19, 1, 0.04722626380679634, 13.575849490572446, 1.431745969450871],
 [2, 20, 0.01, 0.002911541074590818, 2.5253696003139328, 0.9944936421834264],
 [2, 20, 0.1, 0.0031410346117803486, 1.9834421145100969, 0.841413117913443],
 [2, 20, 1, 0.023546200702722536, 8.240958429306914, 2.6375063934353453],
 [5, 0, 0.01, 0.40173281468242805, 0.5953627079906321, 0.49367272291024106],
 [5, 0, 0.1, 0.30667692071073793, 0.6437375977124615, 0.5245301006584816],
 [5, 0, 1, 1.4892075772890205, 1.8506089754688233, 1.4580747869189712],
 [5, 1, 0.01, 0.3062803950600665, 0.7426222550323544, 0.515553303990099],
 [5, 1, 0.1, 0.29960966535880884, 0.9541150692308568, 0.5736153545115639],
 [5, 1, 1, 1.4924544619902032, 2.9848330915510433, 1.4774346993109002],
 [5, 2, 0.01, 0.12211393802091583, 0.6259795437686104, 0.32341868303946647],
 [5, 2, 0.1, 0.13014943085802286, 0.6771375645431317, 0.36300130042123324],
 [5, 2, 1, 0.5647747807242236, 2.1669961495610353, 1.3629577343015657],
 [5, 3, 0.01, 0.052165324761407006, 0.9074516958687198, 0.27208045422099275],
 [5, 3, 0.1, 0.06331039087343643, 1.1281881565888336, 0.3127017983622028],
 [5, 3, 1, 0.5241228010232881, 2.4803507386456, 1.268597312665339],
 [5, 4, 0.01, 0.04453904872289316, 0.5757961024567216, 0.15363560856532021],
 [5, 4, 0.1, 0.05502269531376661, 0.32039521759151357, 0.16986996674074115],
 [5, 4, 1, 0.5239749078939349, 2.118672221759076, 1.1348041093790386],
 [5, 5, 0.01, 0.03693009217057297, 0.4972298787440561, 0.13040042453097395],
 [5, 5, 0.1, 0.041401299909132654, 0.8097982022042144, 0.22314455387215243],
 [5, 5, 1, 0.5605621024366639, 2.633594923552335, 1.252141508034512],
 [5, 6, 0.01, 0.02225157619482242, 0.45451536339103715, 0.19371722753861187],
 [5, 6, 0.1, 0.04198751325186928, 0.7372855168378888, 0.15777504407934673],
 [5, 6, 1, 0.5611927291236223, 2.3317446247101405, 1.3061900750065054],
 [5, 7, 0.01, 0.03681295028728341, 1.000842361889291, 0.22742647305648514],
 [5, 7, 0.1, 0.037417069803956475, 0.8787105200279018, 0.18748816211184413],
 [5, 7, 1, 0.5208270082888983, 2.6791846585140364, 1.2413434591104833],
 [5, 8, 0.01, 0.035820800923782245, 1.8332888692222205, 0.43677449679291225],
 [5, 8, 0.1, 0.043606903793622184, 0.5318049619681503, 0.1864192027749788],
 [5, 8, 1, 0.42053683142531434, 2.999558951208921, 1.078774540981919],
 [5, 9, 0.01, 0.02417555807316875, 1.11027529115402, 0.22385840514672142],
 [5, 9, 0.1, 0.041393312026018016, 0.7987567541825867, 0.159074214837086],
 [5, 9, 1, 0.3792802628066921, 3.0303479226017194, 1.2043761367619976],
 [5, 10, 0.01, 0.04031550168647455, 1.00186702963456, 0.21349477468342543],
 [5, 10, 0.1, 0.03359192356044483, 1.2077494194470226, 0.19884321270135485],
 [5, 10, 1, 0.31586991024265704, 2.3554721834902255, 1.193648138694694],
 [5, 11, 0.01, 0.03341521160879106, 0.8325628054832821, 0.35266545719656195],
 [5, 11, 0.1, 0.0380419747304728, 0.9768790545764748, 0.2410275119318833],
 [5, 11, 1, 0.3419678201377225, 4.682969699220418, 1.3209621561689078],
 [5, 12, 0.01, 0.03888848826357223, 0.72972429393329, 0.2068368190115368],
 [5, 12, 0.1, 0.028511543137631594, 1.1233442259271442, 0.3090677227977828],
 [5, 12, 1, 0.40578590220988586, 3.19001882149011, 1.2284131076465947],
 [5, 13, 0.01, 0.0334680813123275, 0.9729644695848723, 0.2387789367248026],
 [5, 13, 0.1, 0.04890624822893612, 0.7695786554659362, 0.1899053650879248],
 [5, 13, 1, 0.568147885360201, 3.636990626913753, 1.1894787204610313],
 [5, 14, 0.01, 0.03676193019945367, 0.6226063923027777, 0.332316028042841],
 [5, 14, 0.1, 0.03425363031273161, 1.1576421869344178, 0.31414552709003324],
 [5, 14, 1, 0.4010564774635982, 4.617135012079532, 1.4619552142548413],
 [5, 15, 0.01, 0.030088198582432158, 1.1916352170424502, 0.20048576657801234],
 [5, 15, 0.1, 0.03700052745582873, 0.9973332329110882, 0.31661330732434056],
 [5, 15, 1, 0.34012406948219526, 2.593602987843701, 1.2690054698338167],
 [5, 16, 0.01, 0.028299460895244, 0.8716214181257408, 0.18872880652964152],
 [5, 16, 0.1, 0.030349102383399672, 1.1045096978442854, 0.4536148577959825],
 [5, 16, 1, 0.4717980427933465, 2.407007157945947, 1.201038549539219],
 [5, 17, 0.01, 0.03199435190801039, 0.7545032414853358, 0.23458282510839618],
 [5, 17, 0.1, 0.03660049416647258, 1.21995108958184, 0.2822843636441667],
 [5, 17, 1, 0.4381280276413938, 2.3146286483994856, 1.185821744543915],
 [5, 18, 0.01, 0.030585836903219032, 0.9661599284939733, 0.3611002415202504],
 [5, 18, 0.1, 0.028832449222383656, 1.787518617831712, 0.24977297975608295],
 [5, 18, 1, 0.36567619012256614, 4.677624829400147, 1.906742151610475],
 [5, 19, 0.01, 0.018408337909678683, 0.899548873191025, 0.414845835461004],
 [5, 19, 0.1, 0.03838291139957105, 1.6823740684678696, 0.22170962158347188],
 [5, 19, 1, 0.4968470576839576, 5.153665236493147, 1.510156364476254],
 [5, 20, 0.01, 0.02985631119940384, 0.7707083391406319, 0.25010148711273716],
 [5, 20, 0.1, 0.035113824079948314, 1.1302277730174826, 0.2276693474635124],
 [5, 20, 1, 0.37821967169823, 3.1415297771374897, 1.3898635241093238],
 [10, 0, 0.01, 0.4552632836143481, 0.5848194981687886, 0.5002491053065931],
 [10, 0, 0.1, 0.38759684975014214, 0.583185931941977, 0.5244189438128037],
 [10, 0, 1, 1.1272656617346026, 1.6037327140611144, 1.4329183205741465],
 [10, 1, 0.01, 0.44406902875000054, 0.5768313528107114, 0.5002490321575962],
 [10, 1, 0.1, 0.4478771455931877, 0.6124820942930069, 0.5201236365312992],
 [10, 1, 1, 1.064051793128312, 1.8764763915548326, 1.5675618628313621],
 [10, 2, 0.01, 0.15991483144319976, 0.4940199255755123, 0.23293858881489832],
 [10, 2, 0.1, 0.16528472959079338, 0.46449688999990346, 0.2810033445252517],
 [10, 2, 1, 0.8614788110402498, 1.6708606622155806, 1.2801423566454548],
 [10, 3, 0.01, 0.0755997234341451, 0.12338313896999598, 0.0982103955240012],
 [10, 3, 0.1, 0.08019879743648092, 0.26874049407009865, 0.1188952242930491],
 [10, 3, 1, 0.8353644167609648, 1.509856087952319, 1.10459797269471],
 [10, 4, 0.01, 0.053147073018584456, 0.154707420720349, 0.09467975769809006],
 [10, 4, 0.1, 0.05776600066952016, 0.15937016826535116, 0.09395407257315577],
 [10, 4, 1, 0.6728725284983568, 1.6711222039937013, 1.0748712189429892],
 [10, 5, 0.01, 0.052459538789351036, 0.19096723604721016, 0.10660549870784528],
 [10, 5, 0.1, 0.06849128580926804, 0.17865097417141967, 0.11924388952975912],
 [10, 5, 1, 0.8418562615775524, 1.6410846137271988, 0.9951514382466858],
 [10, 6, 0.01, 0.05489894696517729, 0.25105800164280956, 0.12396679799166944],
 [10, 6, 0.1, 0.07807496354699373, 0.19680087981501393, 0.13406141637459806],
 [10, 6, 1, 0.585850432075181, 1.5600742215247938, 1.09024094548229],
 [10, 7, 0.01, 0.06215047199481851, 0.24154088745166322, 0.15864106380143517],
 [10, 7, 0.1, 0.07149742272438567, 0.22804291676612515, 0.14495963302078804],
 [10, 7, 1, 0.7209504902919212, 1.6956588472379728, 1.232755207664318],
 [10, 8, 0.01, 0.059762614177215415, 0.32810464698136216, 0.16455475758482746],
 [10, 8, 0.1, 0.07770560601786804, 0.3033176088447461, 0.1482968931688974],
 [10, 8, 1, 0.8273054223509624, 1.8283632046330944, 1.1282443985754653],
 [10, 9, 0.01, 0.06634990503113257, 0.27269768086489166, 0.169241674999843],
 [10, 9, 0.1, 0.07374132934316796, 0.26575348515386193, 0.16306440659894517],
 [10, 9, 1, 0.7735079411549564, 1.9513996983096569, 1.205181590064552],
 [10, 10, 0.01, 0.05797351047907158, 0.31387992773071927, 0.1485788924345143],
 [10, 10, 0.1, 0.05443495802119284, 0.7261723389271653, 0.18559436974168467],
 [10, 10, 1, 0.7131542792481168, 1.551505057435163, 1.155681295414182],
 [10, 11, 0.01, 0.05279896090354832, 0.3847861599733306, 0.16457213337498866],
 [10, 11, 0.1, 0.06271400270071677, 0.4482389848783329, 0.1794970911364665],
 [10, 11, 1, 0.6783971227693228, 2.2964724776256995, 1.2023992480749557],
 [10, 12, 0.01, 0.055216416723645835, 0.5085037085295366, 0.2335990007690082],
 [10, 12, 0.1, 0.07228160739361887, 0.3684745342661599, 0.18593855211228308],
 [10, 12, 1, 0.5219887704365586, 2.1822993692714956, 1.1343114336542575],
 [10, 13, 0.01, 0.05167665771251231, 0.532622144925216, 0.24091102932798727],
 [10, 13, 0.1, 0.05343261946094483, 0.6493840486831799, 0.3237600808965233],
 [10, 13, 1, 0.6068881792440146, 4.676797765455172, 1.7097693308354578],
 [10, 14, 0.01, 0.05347231706170149, 0.33764601235633007, 0.11270581803859553],
 [10, 14, 0.1, 0.04868088864507891, 0.6281755929292064, 0.36926015009716795],
 [10, 14, 1, 0.7727142123620666, 2.005285875088878, 1.202730249549508],
 [10, 15, 0.01, 0.05201779017716203, 0.29462911438710915, 0.15888551456144326],
 [10, 15, 0.1, 0.05726092809565313, 0.36952056932412114, 0.15353994289576778],
 [10, 15, 1, 0.6473996943515345, 1.8346902054944785, 1.104124585991054],
 [10, 16, 0.01, 0.0566838194145477, 0.18195481787482107, 0.09220823935583744],
 [10, 16, 0.1, 0.05908702645229945, 0.3057360337863184, 0.15795407185772775],
 [10, 16, 1, 0.6667172487848394, 1.5735444066424045, 1.0788905680731544],
 [10, 17, 0.01, 0.05195454160093184, 0.5298817780727035, 0.1746232155840154],
 [10, 17, 0.1, 0.05573797651097321, 0.412761843550557, 0.20818025980823998],
 [10, 17, 1, 0.6707182458320122, 2.732187998795817, 1.475178071030479],
 [10, 18, 0.01, 0.04975484373639712, 0.34518048734589274, 0.1414470864855095],
 [10, 18, 0.1, 0.06429935298368328, 0.5380667927014116, 0.37403408444550457],
 [10, 18, 1, 0.6556443961999796, 2.3687580175862264, 1.2680278129857288],
 [10, 19, 0.01, 0.04505970090371433, 0.2777303438017024, 0.13231607868923723],
 [10, 19, 0.1, 0.05127652812216108, 0.37178343156592475, 0.13551946312003268],
 [10, 19, 1, 0.7566774278228242, 1.7287582897311533, 1.1369479589891602],
 [10, 20, 0.01, 0.05013022420876525, 0.7693353774780441, 0.1440924673203286],
 [10, 20, 0.1, 0.05290112935603956, 0.26455027977682966, 0.0987839824157904],
 [10, 20, 1, 0.7614673012094312, 1.7880664142115255, 1.268910175965991],
 [20, 0, 0.01, 0.45654817886416854, 0.5259072416795282, 0.500705493486939],
 [20, 0, 0.1, 0.459131199107941, 0.5385640677540184, 0.5183588664313825],
 [20, 0, 1, 1.4270649258255892, 1.5900068304731232, 1.4928586710736316],
 [20, 1, 0.01, 0.4532200605758116, 0.5695285050164021, 0.5216362374136032],
 [20, 1, 0.1, 0.43632273036335434, 0.6116775146591126, 0.48550199105463704],
 [20, 1, 1, 1.3365431886240866, 1.6855423724729897, 1.40484231069176],
 [20, 2, 0.01, 0.18282756332678857, 0.2671343340639004, 0.2260048787393639],
 [20, 2, 0.1, 0.19523154444794824, 0.25243116888033384, 0.2235393400014168],
 [20, 2, 1, 0.9730045944215439, 1.428790122909112, 1.4155185257799123],
 [20, 3, 0.01, 0.0817464300128907, 0.12339281564607688, 0.1008089204049871],
 [20, 3, 0.1, 0.08649466504149012, 0.11602592874928205, 0.09759330672501168],
 [20, 3, 1, 1.0046132045649565, 1.338495294763167, 1.1018232057665418],
 [20, 4, 0.01, 0.06733847104419821, 0.09876545410076074, 0.0805131035015009],
 [20, 4, 0.1, 0.07466629809602822, 0.1111948395579578, 0.08754837676307546],
 [20, 4, 1, 0.8407528765589161, 1.2596445530065816, 1.0628634596111075],
 [20, 5, 0.01, 0.07372377874306321, 0.12563740454551883, 0.09210193969038433],
 [20, 5, 0.1, 0.07530224412537152, 0.14091385713224472, 0.10629788897273316],
 [20, 5, 1, 0.9198668814216415, 1.310870339417375, 1.0845385371382856],
 [20, 6, 0.01, 0.07864070615859023, 0.15511299265101125, 0.11415838879380602],
 [20, 6, 0.1, 0.08645225475495319, 0.17345900475895334, 0.12611993136483318],
 [20, 6, 1, 0.8763738131321972, 1.3292675234944404, 1.1063394381982705],
 [20, 7, 0.01, 0.0900504990839938, 0.15489774396610329, 0.11586222576528404],
 [20, 7, 0.1, 0.09308497200609547, 0.1830705425839566, 0.14179964833335498],
 [20, 7, 1, 0.9709960895546488, 1.3463282966267507, 1.1457995165506338],
 [20, 8, 0.01, 0.07994192277200955, 0.2060244455021109, 0.12781619760683774],
 [20, 8, 0.1, 0.08571271925555704, 0.21250403325290082, 0.11942642009758397],
 [20, 8, 1, 0.9619849861648611, 1.5545192707642128, 1.1267019195589127],
 [20, 9, 0.01, 0.07787226189838575, 0.22270035894521495, 0.11964924485616461],
 [20, 9, 0.1, 0.08563353831743618, 0.18149439782847387, 0.12011691746840272],
 [20, 9, 1, 0.9590805201811883, 1.379610074921725, 1.0790803083091531],
 [20, 10, 0.01, 0.0708690896667562, 0.2513370158157893, 0.14384756485197656],
 [20, 10, 0.1, 0.07588638857501709, 0.2638095344179769, 0.15739336899965822],
 [20, 10, 1, 0.8845435385760805, 1.4674508894374159, 1.1688925262134273],
 [20, 11, 0.01, 0.07027144416452412, 0.10070757983498577, 0.07807239023695092],
 [20, 11, 0.1, 0.07828746053861493, 0.14049013738202418, 0.11213412626740978],
 [20, 11, 1, 0.9912276717729288, 1.3618810717645233, 1.1212524144901366],
 [20, 12, 0.01, 0.06567479409236951, 0.1558145082971509, 0.1014494534103705],
 [20, 12, 0.1, 0.07347994495545764, 0.196695321259924, 0.11923603967780826],
 [20, 12, 1, 0.9575897000170809, 1.6771093848801868, 1.2204641957423612],
 [20, 13, 0.01, 0.05934031024648493, 0.16059455670539302, 0.07892598308492726],
 [20, 13, 0.1, 0.06505764263724503, 0.2931035642393954, 0.1325760485061623],
 [20, 13, 1, 0.855952914043139, 1.2753660555315947, 1.0325981265910738],
 [20, 14, 0.01, 0.053760947239637466, 0.19455655462279384, 0.10315972907534017],
 [20, 14, 0.1, 0.06506630117581089, 0.10858495806056749, 0.08818457870015038],
 [20, 14, 1, 0.8180067929246289, 1.3305746860332748, 1.1489712110352752],
 [20, 15, 0.01, 0.053685001411966596, 0.10234851661791969, 0.07735922958111256],
 [20, 15, 0.1, 0.06166034420374071, 0.08672334570889571, 0.06942426797454274],
 [20, 15, 1, 0.9076783559079967, 1.3994527772340906, 1.0253108660176733],
 [20, 16, 0.01, 0.056622244605696745, 0.10997783064269892, 0.07151721564840124],
 [20, 16, 0.1, 0.05822694923767672, 0.11562639434646352, 0.08330089930127348],
 [20, 16, 1, 0.8726167736764406, 1.6050233366711772, 1.0838149715022243],
 [20, 17, 0.01, 0.05290080040670666, 0.08991310097674475, 0.062380378234895804],
 [20, 17, 0.1, 0.06129579545826826, 0.17308773185764265, 0.10038087555363262],
 [20, 17, 1, 0.9175438646657931, 1.7939066874051648, 1.0350366065502299],
 [20, 18, 0.01, 0.05480336619527848, 0.14878918452845263, 0.0828168574536971],
 [20, 18, 0.1, 0.05559994551180365, 0.1174423353519862, 0.07580437215862214],
 [20, 18, 1, 0.8932648750648052, 1.5234766869929748, 1.1436492191075702],
 [20, 19, 0.01, 0.04934985737445076, 0.29034701420955833, 0.114843461898866],
 [20, 19, 0.1, 0.05167359222085625, 0.22277364320780987, 0.10886168277611534],
 [20, 19, 1, 0.9639526546452762, 1.621210475262134, 1.1056507644043971],
 [20, 20, 0.01, 0.05162817600471612, 0.2397412970654807, 0.09780611444526233],
 [20, 20, 0.1, 0.057502682948868435, 0.1674338869777726, 0.07862871467780737],
 [20, 20, 1, 0.8060579481683734, 1.4118496989433758, 1.1244645685635768],
 [50, 0, 0.01, 0.4813510295277325, 0.5089688354256175, 0.49147873970695494],
 [50, 0, 0.1, 0.50577068450627, 0.5258061313839225, 0.5025603536834373],
 [50, 0, 1, 1.4907567436600755, 1.5044101977164863, 1.4652663380858106],
 [50, 1, 0.01, 0.4866720494581946, 0.5252710403124907, 0.4821888730833192],
 [50, 1, 0.1, 0.46705295474295483, 0.5320548015291562, 0.5034602267235325],
 [50, 1, 1, 1.4350041183169449, 1.5756639690130405, 1.5005262334750664],
 [50, 2, 0.01, 0.18878081707308805, 0.2000896883607129, 0.2013311985742429],
 [50, 2, 0.1, 0.1964565606941621, 0.2235229647566145, 0.2093528812560049],
 [50, 2, 1, 1.1456082235257603, 1.3014393092865466, 1.1577664856692382],
 [50, 3, 0.01, 0.07922711136276117, 0.08759936543461447, 0.08426894580816138],
 [50, 3, 0.1, 0.08577720097029676, 0.09243270052939583, 0.09036736967143308],
 [50, 3, 1, 1.011700409349773, 1.0977814118844074, 1.1593571395659241],
 [50, 4, 0.01, 0.0683263549376536, 0.08050158126052365, 0.08002516841330574],
 [50, 4, 0.1, 0.07911371671467354, 0.09002758450892455, 0.08884763464901288],
 [50, 4, 1, 0.972840692216778, 1.1459602188054823, 1.072204570130575],
 [50, 5, 0.01, 0.08790571813901141, 0.10239339913965724, 0.09068473663603113],
 [50, 5, 0.1, 0.08884714481368391, 0.1114042055510867, 0.11119120579866838],
 [50, 5, 1, 1.0061441134916658, 1.1917419550844344, 1.1255736653182589],
 [50, 6, 0.01, 0.08867954016931602, 0.11616967378361347, 0.10305377471065574],
 [50, 6, 0.1, 0.09820950985418782, 0.13063943225271474, 0.10950794187476197],
 [50, 6, 1, 1.0389846305731933, 1.1691968703142077, 1.068074333509813],
 [50, 7, 0.01, 0.09393607321847881, 0.11473783124438815, 0.106774860625529],
 [50, 7, 0.1, 0.10551136629141922, 0.12456311648083192, 0.11033324625536063],
 [50, 7, 1, 1.0594081201169845, 1.1611283754712212, 1.1173236823656707],
 [50, 8, 0.01, 0.09388531021198097, 0.10355075121147483, 0.09295388973628836],
 [50, 8, 0.1, 0.1006484555391941, 0.12517935158790108, 0.10983304211861232],
 [50, 8, 1, 1.0742032407298316, 1.1609289730673606, 1.105235543750705],
 [50, 9, 0.01, 0.08397216892579659, 0.12622704654320566, 0.10352624616304823],
 [50, 9, 0.1, 0.09704655222701042, 0.10801926497478734, 0.10029292937193178],
 [50, 9, 1, 0.9708561344912731, 1.1665382356139022, 1.0474936955917613],
 [50, 10, 0.01, 0.07828650223438115, 0.09755441000135322, 0.08068179566718708],
 [50, 10, 0.1, 0.09104778603168488, 0.1045862647701888, 0.0978819341323677],
 [50, 10, 1, 0.96841667006993, 1.2372675067449586, 1.105508799803222],
 [50, 11, 0.01, 0.07118592912928907, 0.10375373793676423, 0.08079808201616176],
 [50, 11, 0.1, 0.07974581150460115, 0.09674198200879086, 0.09093463171518688],
 [50, 11, 1, 0.9867199884378615, 1.1897345576238625, 1.1119496003521498],
 [50, 12, 0.01, 0.06353596146629455, 0.09354090360631505, 0.07404462766362466],
 [50, 12, 0.1, 0.07661518641531619, 0.09828600619668042, 0.08024109647149714],
 [50, 12, 1, 0.9836842204040185, 1.1257347431098268, 1.1777488671017247],
 [50, 13, 0.01, 0.06188620002880716, 0.0755525685635657, 0.0690774065014001],
 [50, 13, 0.1, 0.07008246790955178, 0.09570606321219174, 0.0764934812646742],
 [50, 13, 1, 1.045112418372717, 1.1257123990998577, 1.0342433146677215],
 [50, 14, 0.01, 0.05425887684699767, 0.06725301207714518, 0.058675084998011856],
 [50, 14, 0.1, 0.06407026731343707, 0.0730263877690844, 0.06673353308807399],
 [50, 14, 1, 0.8651295724040782, 1.1261919700683924, 1.0537688852543732],
 [50, 15, 0.01, 0.05196285717777358, 0.06037266199289406, 0.053592713067183065],
 [50, 15, 0.1, 0.06095169346193948, 0.06363724068216077, 0.06101426975120286],
 [50, 15, 1, 0.9714020709772481, 1.1725093681220968, 1.0238553743083936],
 [50, 16, 0.01, 0.049776584373620425, 0.05907463775008374, 0.05319189586393087],
 [50, 16, 0.1, 0.06017667453482885, 0.09102831581297913, 0.0675020120974056],
 [50, 16, 1, 0.8972772210438418, 1.2677239611696292, 1.0367358674628635],
 [50, 17, 0.01, 0.049904525497703196, 0.06556212592125285, 0.05727707652617767],
 [50, 17, 0.1, 0.05881307290624903, 0.06630125448895408, 0.06403763225000872],
 [50, 17, 1, 0.9751001188349363, 1.1340123003907001, 1.0055239947580155],
 [50,
  18,
  0.01,
  0.049706724534933765,
  0.05734326225850247,
  0.052700835185913245],
 [50, 18, 0.1, 0.05710052879537506, 0.06435737374184475, 0.06211003680872683],
 [50, 18, 1, 0.9506294615132106, 1.1132243322981723, 1.070976696148218],
 [50, 19, 0.01, 0.04776539653152706, 0.10225554701913893, 0.05602415684582549],
 [50, 19, 0.1, 0.055426893390947564, 0.06989338933656078, 0.06402550281810028],
 [50, 19, 1, 1.020177654983779, 1.1117357012472489, 1.0936905301584097],
 [50, 20, 0.01, 0.04926835749093239, 0.05629739598436965, 0.051610593498431674],
 [50, 20, 0.1, 0.05973289777220203, 0.0721276286130759, 0.06644045104435721],
 [50, 20, 1, 0.9447282297931953, 1.1440279262072048, 1.0037331130639315],
 [100, 0, 0.01, 0.4932772724786484, 0.509889131159859, 0.48106995814507536],
 [100, 0, 0.1, 0.4927912666747301, 0.5140134590130339, 0.5115159921277479],
 [100, 0, 1, 1.4367165293778217, 1.5094746256435239, 1.5362350802790683],
 [100, 1, 0.01, 0.49410168755886524, 0.5072389639027811, 0.5019835148302425],
 [100, 1, 0.1, 0.4824086368553678, 0.5156083975996386, 0.5198353152447517],
 [100, 1, 1, 1.4142352543821415, 1.5055360017453014, 1.5877052831410783],
 [100, 2, 0.01, 0.1949950969162395, 0.2092657407313788, 0.20096662217812428],
 [100, 2, 0.1, 0.21051398212722297, 0.2130677125960721, 0.2038600200706106],
 [100, 2, 1, 1.206180967433742, 1.1898773086400527, 1.1269394630770362],
 [100, 3, 0.01, 0.08109313700639928, 0.0854465190847789, 0.08585311898637987],
 [100, 3, 0.1, 0.08592226009517673, 0.09134180155844496, 0.08621860822717432],
 [100, 3, 1, 1.0858449554106577, 1.1061026561582534, 1.0829888861572732],
 [100, 4, 0.01, 0.07149722012129653, 0.0786211767858929, 0.07645273589089369],
 [100, 4, 0.1, 0.08722799359182101, 0.08680676166458494, 0.08541937532021414],
 [100, 4, 1, 1.006978440893017, 1.083587853749642, 1.0571351479866449],
 [100, 5, 0.01, 0.09127155199030189, 0.09643896964562046, 0.09362791722222252],
 [100, 5, 0.1, 0.09685452301204708, 0.10773537959744009, 0.1054629699755362],
 [100, 5, 1, 1.1168551378100935, 1.1154344406164718, 1.0122530317542398],
 [100, 6, 0.01, 0.09808664314791282, 0.10415206533892458, 0.09940908364519994],
 [100, 6, 0.1, 0.11107509781925429, 0.11581192311064963, 0.1119870741477578],
 [100, 6, 1, 1.101916828442485, 1.128076922851386, 1.042831799388766],
 [100, 7, 0.01, 0.09744236753426791, 0.10700741566793204, 0.10311963269050879],
 [100, 7, 0.1, 0.1118081155912966, 0.11578209387158078, 0.1077333529518887],
 [100, 7, 1, 1.0929442067557056, 1.1445880463413518, 1.1227971369419818],
 [100, 8, 0.01, 0.09489293641837347, 0.10202180995600277, 0.1031414441344284],
 [100, 8, 0.1, 0.10466377539484964, 0.11032707106808212, 0.10556462130368958],
 [100, 8, 1, 1.105649200950253, 1.131519698570858, 1.213036449287932],
 [100, 9, 0.01, 0.08780334338415911, 0.0936696628501057, 0.09089031885411411],
 [100, 9, 0.1, 0.09555413989364674, 0.10670461146375754, 0.10243681942603641],
 [100, 9, 1, 1.0598250077143354, 1.1271619933867754, 1.0795052737021877],
 [100, 10, 0.01, 0.07774728218915115, 0.08623641185786361, 0.08263797648300995],
 [100, 10, 0.1, 0.08729089402729365, 0.09690464453874971, 0.09092207970568415],
 [100, 10, 1, 0.9774144979020054, 1.113523141743967, 1.1299233843713357],
 [100, 11, 0.01, 0.06926062159344405, 0.07283189121345685, 0.07094388224733432],
 [100, 11, 0.1, 0.08053954753094676, 0.08392489593255513, 0.08187760648296141],
 [100, 11, 1, 1.0123679891068393, 1.1180352390175294, 1.1259588278462798],
 [100, 12, 0.01, 0.06408511024987434, 0.06794083076801709, 0.06473461615366373],
 [100, 12, 0.1, 0.07105616735011702, 0.07759784847621393, 0.07557732594582732],
 [100, 12, 1, 1.023159263021343, 1.1169249266003294, 1.030801591719624],
 [100,
  13,
  0.01,
  0.057304779783376614,
  0.060850224053985415,
  0.06060141342878663],
 [100, 13, 0.1, 0.06557932404763367, 0.07064498214328167, 0.06912553657287923],
 [100, 13, 1, 1.1076869579496587, 1.1074250787343776, 1.08707145056505],
 [100, 14, 0.01, 0.05296213981915845, 0.05731586484528032, 0.05691499044690194],
 [100, 14, 0.1, 0.06081364526970316, 0.06676247355402387, 0.0627814351590566],
 [100, 14, 1, 1.0633326293579999, 1.0997256023278914, 1.100175054742782],
 [100,
  15,
  0.01,
  0.05158125009526535,
  0.05483699428352538,
  0.052670998770198006],
 [100, 15, 0.1, 0.0600864838918513, 0.06252854217717285, 0.060403975543098905],
 [100, 15, 1, 0.9988621946590847, 1.075904740116116, 0.9567265133225965],
 [100,
  16,
  0.01,
  0.04949301602211953,
  0.052280704005333856,
  0.050082783744102785],
 [100, 16, 0.1, 0.05982878145756314, 0.0648867590354626, 0.06175366614673142],
 [100, 16, 1, 0.980452423245074, 1.0973514362322807, 0.975473318033938],
 [100, 17, 0.01, 0.04840607315877157, 0.05080884875568161, 0.04826554960118116],
 [100,
  17,
  0.1,
  0.056942841293493716,
  0.061110116904406965,
  0.05848535705257011],
 [100, 17, 1, 1.017548102149161, 1.0796430674567812, 1.0875780689544627],
 [100,
  18,
  0.01,
  0.04846339366389999,
  0.051097862171404926,
  0.052849027033013724],
 [100, 18, 0.1, 0.05786729013329772, 0.05987101509274241, 0.060014003077120334],
 [100, 18, 1, 1.045850020113932, 1.0880387167897685, 1.0019541444350042],
 [100, 19, 0.01, 0.0503878705144646, 0.05117353802421474, 0.051547244017934715],
 [100, 19, 0.1, 0.05985839399441691, 0.0623418998750224, 0.06037003317720356],
 [100, 19, 1, 1.0018020280969642, 1.1031772552404322, 1.0583789431875779],
 [100, 20, 0.01, 0.04904780790995742, 0.05190083369371275, 0.0497906474142511],
 [100, 20, 0.1, 0.05914926548715425, 0.06383499775999146, 0.060977333652727915],
 [100, 20, 1, 1.026264187727684, 1.0756806406379216, 1.0570789971306715],
 [200, 0, 0.01, 0.493936091518527, 0.49978945577061235, 0.4934271882993884],
 [200, 0, 0.1, 0.5032429901470227, 0.5132391607056236, 0.5127195310005143],
 [200, 0, 1, 1.5320767187367927, 1.4884084984309611, 1.5507805510445716],
 [200, 1, 0.01, 0.5004826627270013, 0.511126877995709, 0.5100768108876009],
 [200, 1, 0.1, 0.5048437115786165, 0.5195900346041942, 0.5045975702947215],
 [200, 1, 1, 1.4932508016857593, 1.5297933120176215, 1.5347842964289635],
 [200, 2, 0.01, 0.19479752264206635, 0.19992793734347808, 0.20059896592526835],
 [200, 2, 0.1, 0.20290569100318198, 0.20955842094349367, 0.20975212817653857],
 [200, 2, 1, 1.195327918302913, 1.2045368684588378, 1.2151581157126257],
 [200, 3, 0.01, 0.07692460553502235, 0.07936924375744836, 0.07786214703807603],
 [200, 3, 0.1, 0.08553152216486486, 0.08943674311991888, 0.08406892972632264],
 [200, 3, 1, 1.06175794168283, 1.0774223537755503, 1.1056284272045582],
 [200, 4, 0.01, 0.07457947088615499, 0.07702423829722928, 0.0727546748846676],
 [200, 4, 0.1, 0.08233312805999113, 0.0862327195708271, 0.08421216519943975],
 [200, 4, 1, 1.0658375692131545, 1.0964906978863662, 1.1170762674656223],
 [200, 5, 0.01, 0.08966427314586932, 0.09307350747336393, 0.08690109894158773],
 [200, 5, 0.1, 0.10156093665799608, 0.1033964671263102, 0.1040652228290704],
 [200, 5, 1, 1.0632936395799617, 1.10803131345963, 1.0470847711351834],
 [200, 6, 0.01, 0.09956851022590621, 0.10401775491400915, 0.10147962405367568],
 [200, 6, 0.1, 0.1072519255745096, 0.11415937448395556, 0.10791005189357857],
 [200, 6, 1, 1.1090855352906588, 1.1061189660762394, 1.0095775144522645],
 [200, 7, 0.01, 0.10041625632557338, 0.10717839644023333, 0.10701383533291432],
 [200, 7, 0.1, 0.10987136043272512, 0.11624050046246721, 0.11856075381607604],
 [200, 7, 1, 1.0848281306078156, 1.1268455565055886, 1.0373867710154565],
 [200, 8, 0.01, 0.09630348172146103, 0.09928780111255983, 0.10124186620477445],
 [200, 8, 0.1, 0.10285636607672817, 0.10911908118940775, 0.1063042933313243],
 [200, 8, 1, 1.069188595327536, 1.136021313950596, 1.0246937854254108],
 [200, 9, 0.01, 0.08712841491553903, 0.09020284129043449, 0.08709553822971937],
 [200, 9, 0.1, 0.09669184697650005, 0.10106227015873899, 0.09397383329385353],
 [200, 9, 1, 1.016940134709951, 1.0997016930503716, 1.0342307428214899],
 [200, 10, 0.01, 0.07854446162516196, 0.08067744774707998, 0.08158652757457117],
 [200, 10, 0.1, 0.08742475763851178, 0.0922015221431944, 0.09330240191028233],
 [200, 10, 1, 1.0608831857459584, 1.1287351642029928, 1.007612706886799],
 [200, 11, 0.01, 0.06912769348218059, 0.07110613662546475, 0.06810199400426414],
 [200, 11, 0.1, 0.08018764122226404, 0.08121779925504471, 0.08549257765104132],
 [200, 11, 1, 1.0940963754335136, 1.0771247125414096, 1.0917927049520528],
 [200, 12, 0.01, 0.06113921803355569, 0.06405487623329939, 0.06160157692654696],
 [200, 12, 0.1, 0.07119052369167919, 0.07750961602745687, 0.07460710873162785],
 [200, 12, 1, 1.0761045956313375, 1.0670323332224583, 1.1306963365198832],
 [200, 13, 0.01, 0.05569960822104377, 0.05704457552281693, 0.05619376121577683],
 [200, 13, 0.1, 0.06495340891797044, 0.06654362736681271, 0.06535413785556896],
 [200, 13, 1, 1.0012989638745187, 1.0611940517517011, 1.0120887869841217],
 [200,
  14,
  0.01,
  0.05244066209816941,
  0.05437070772981957,
  0.054654398062629644],
 [200, 14, 0.1, 0.062350698702467525, 0.06439504921619349, 0.0625721250124459],
 [200, 14, 1, 0.9947841129470391, 1.0745044924702944, 1.0458444957840152],
 [200, 15, 0.01, 0.0492045629529053, 0.05006395400999532, 0.05060412681874196],
 [200, 15, 0.1, 0.059803622953952494, 0.06267360786298179, 0.06249945823308321],
 [200, 15, 1, 1.01266223437861, 1.0631564361854484, 1.0864964683962917],
 [200,
  16,
  0.01,
  0.048627525358516346,
  0.05017318387978912,
  0.05059854748589146],
 [200, 16, 0.1, 0.05833816579999447, 0.06054866295298755, 0.054597706996329126],
 [200, 16, 1, 1.037854955929139, 1.0967793025268286, 0.9659871542411188],
 [200,
  17,
  0.01,
  0.048518579640388415,
  0.05013171916127779,
  0.050202081119442264],
 [200, 17, 0.1, 0.05774758210123946, 0.059415155229093894, 0.06129251497670509],
 [200, 17, 1, 1.0339049460637568, 1.0528665599392804, 1.0885780711515642],
 [200,
  18,
  0.01,
  0.04856068578084713,
  0.050261422088780726,
  0.04854719771548486],
 [200, 18, 0.1, 0.05926817701707676, 0.05982738578709068, 0.05966348449792496],
 [200, 18, 1, 1.0418256249011346, 1.0663588354352478, 1.04658984179789],
 [200,
  19,
  0.01,
  0.049018893693589013,
  0.05184991911950175,
  0.05305265521234302],
 [200, 19, 0.1, 0.0577532376453645, 0.06059127237618076, 0.05976246211766738],
 [200, 19, 1, 1.0428042785557092, 1.0677331323148767, 1.0682894067514126],
 [200,
  20,
  0.01,
  0.050114659225879564,
  0.052622819667389076,
  0.050986494295741036],
 [200, 20, 0.1, 0.06003949507354665, 0.06356448430831525, 0.06279962625486811],
 [200, 20, 1, 1.0109256402919256, 1.0776602174971917, 1.03953068760331]]
