[[2, 0, 0.01, 0.3476838291959333, 0.7294226049930984, 0.4971391883747246],
 [2, 0, 0.1, 0.2805132708007179, 0.6527083332086799, 0.5083321919749095],
 [2, 0, 1, 0.15099486056549472, 1.9073697316249363, 1.6645952287131964],
 [2, 1, 0.01, 0.10535162857189946, 0.763834114417169, 0.5493543709313433],
 [2, 1, 0.1, 0.2525479676294122, 0.8511232074265838, 0.4979588468505946],
 [2, 1, 1, 0.2456878218909197, 2.9857244395252374, 0.5864630705546509],
 [2, 2, 0.01, 0.03491818053281394, 0.9205487664380632, 0.5472542487887094],
 [2, 2, 0.1, 0.018614571876654107, 2.933986032541543, 0.9695297951860078],
 [2, 2, 1, 0.027411650304191702, 3.3290412216712872, 2.7868795687053614],
 [2, 3, 0.01, 0.007435839788692317, 2.727633324477255, 0.7246453066365192],
 [2, 3, 0.1, 0.006729685782081271, 2.499436266206512, 1.0432785746457716],
 [2, 3, 1, 0.018128195981843485, 1.6768552626002715, 0.8085045854058764],
 [2, 4, 0.01, 0.004094127105149325, 4.200445781260584, 1.0837937376639504],
 [2, 4, 0.1, 0.0077377506000385066, 6.506801609906114, 3.6202174647186096],
 [2, 4, 1, 0.013554376150850112, 3.159746357562828, 2.856743371172944],
 [2, 5, 0.01, 0.012386483632329888, 2.0200645601676417, 0.6997155350285059],
 [2, 5, 0.1, 0.034760006098938936, 6.690266646449317, 3.992412388878349],
 [2, 5, 1, 0.022659133497909316, 2.25531894769063, 2.5430610400295515],
 [2, 6, 0.01, 0.008516331427396823, 2.0737471091344006, 0.6450819007756989],
 [2, 6, 0.1, 0.017100657798272488, 2.916728670795135, 1.0207269924862072],
 [2, 6, 1, 0.015168757632369897, 3.5596051515712346, 0.4942033625820812],
 [2, 7, 0.01, 0.0202307116418159, 4.199801692758504, 1.582521381012191],
 [2, 7, 0.1, 0.0171187019332641, 5.398596914135358, 1.8806340532873629],
 [2, 7, 1, 0.03647326049076782, 8.364887690588294, 4.38544518722374],
 [2, 8, 0.01, 0.014564931625329658, 0.8776563496575338, 0.4494358817095251],
 [2, 8, 0.1, 0.00046791766947903166, 2.1057063304957415, 0.7003862709087205],
 [2, 8, 1, 0.010409616285656996, 2.8298532202130184, 1.6408926088629192],
 [2, 9, 0.01, 0.00024468638478693044, 1.5598534035053075, 0.48356949209605365],
 [2, 9, 0.1, 0.006792460099883763, 2.2780924822325908, 0.7434694422870952],
 [2, 9, 1, 0.024366544358534758, 4.732564746974463, 2.6445426673897017],
 [2, 10, 0.01, 0.002419172622749534, 2.82482966981809, 0.6256350093064857],
 [2, 10, 0.1, 0.006094926987439517, 2.7996320708518048, 1.1047938227936414],
 [2, 10, 1, 0.02365072259974927, 4.930792568250607, 1.121658600222006],
 [2, 11, 0.01, 0.01652502720740569, 2.2238046178764597, 0.6020275014769522],
 [2, 11, 0.1, 9.733571214979412e-06, 1.0506829775581494, 0.4848513987981737],
 [2, 11, 1, 0.0010574043706021725, 3.033295093950757, 0.739618356720164],
 [2, 12, 0.01, 0.004001579350685449, 2.4746701690255586, 0.7122031861683646],
 [2, 12, 0.1, 8.426294968276999e-05, 1.975495321271259, 0.5494575016144958],
 [2, 12, 1, 0.036670034196038884, 8.013148298326508, 3.4259287808199956],
 [2, 13, 0.01, 0.0046021547664796365, 3.1901467343265972, 0.9471408915761148],
 [2, 13, 0.1, 0.002675516027769206, 4.269808104087565, 1.0811991080113486],
 [2, 13, 1, 0.014445999942792335, 4.725117569272336, 0.9721706049972798],
 [2, 14, 0.01, 0.004704334796613214, 2.1733754116244657, 1.0150602770514543],
 [2, 14, 0.1, 0.01751568466781992, 3.459160718248717, 1.5969526646312548],
 [2, 14, 1, 0.018554297403686047, 3.9077567898409775, 1.9860430387041956],
 [2, 15, 0.01, 0.004897892537050022, 2.5403704605240036, 0.5961998778370784],
 [2, 15, 0.1, 0.009917309188613652, 1.2734312096503977, 0.6079371124505489],
 [2, 15, 1, 0.04019231752629143, 6.0208285105015795, 9.85235066243055],
 [2, 16, 0.01, 0.002717655157794073, 2.5931101136850527, 0.5735292481785883],
 [2, 16, 0.1, 0.014028999486520458, 1.4398139378735944, 0.4006425878497114],
 [2, 16, 1, 0.025753387601800116, 4.665821483395481, 1.0948851006042455],
 [2, 17, 0.01, 0.006183232870672218, 6.040636453958069, 3.1465842136696045],
 [2, 17, 0.1, 0.018343085790925074, 1.7516432267705055, 0.9267347610648249],
 [2, 17, 1, 0.004969572217352208, 5.111056677808167, 1.9870545117640075],
 [2, 18, 0.1, 0.024820774150753868, 2.212504254165658, 0.44565435291104255],
 [2, 19, 0.01, 0.013034753419952716, 3.901299937163987, 1.4937530020537075],
 [2, 19, 0.1, 0.011249979221339287, 2.8096956042796113, 0.7034944884466731],
 [2, 19, 1, 0.02294387758336528, 3.296942208431632, 0.4338080168032507],
 [2, 20, 0.01, 7.736552277362853e-05, 1.2210615844671129, 0.6109505350146892],
 [2, 20, 0.1, 0.014568703022026199, 4.235470712702903, 2.478229194237335],
 [2, 20, 1, 0.00202254920841953, 3.5572974742940695, 0.7780920802303822],
 [5, 0, 0.01, 0.38532254604767396, 0.6084417468142549, 0.5259113984092237],
 [5, 0, 0.1, 0.5305212049557999, 0.6366225823611027, 0.5425753809324237],
 [5, 0, 1, 0.43940337008484287, 2.4778656816057927, 1.1210791383853205],
 [5, 1, 0.01, 0.3666609907711672, 0.6357224997736102, 0.5361421877453667],
 [5, 1, 0.1, 0.3582863045342542, 0.6176586475038607, 0.4984682900141543],
 [5, 1, 1, 0.3303945816112106, 3.504624091505877, 0.8016578851149557],
 [5, 2, 0.01, 0.14283474609506477, 1.3086515274137458, 0.5860335682710517],
 [5, 2, 0.1, 0.28883048234276815, 0.9098450788447909, 0.5225102382272332],
 [5, 2, 1, 0.25623351640488545, 2.8991264516994866, 2.1770912693412536],
 [5, 3, 0.01, 0.1586492014257364, 1.8160511376035493, 0.5637511565032213],
 [5, 3, 0.1, 0.22110615208768003, 1.9657373856935116, 0.7431239488885643],
 [5, 3, 1, 0.1577376023408828, 2.0871530917224823, 2.300408490641185],
 [5, 4, 0.01, 0.15561180314991124, 1.1184583912865844, 0.4191476641534924],
 [5, 4, 0.1, 0.17567637808008263, 1.2629748928624187, 0.3559928564282043],
 [5, 4, 1, 0.07396372849164409, 2.7419442790702426, 2.1960840454518604],
 [5, 5, 0.01, 0.07681460456336209, 0.5398730529398573, 0.336181909536112],
 [5, 5, 0.1, 0.1105979559463118, 0.7134049129291482, 0.34390455325351366],
 [5, 5, 1, 0.12403039532949725, 3.4666594917478877, 0.7037722562873939],
 [5, 6, 0.01, 0.10315208066922987, 2.1016631842303584, 0.7649855487167068],
 [5, 6, 0.1, 0.07831235589391725, 1.7500671179987894, 0.29691153518459795],
 [5, 6, 1, 0.1121985310286662, 1.9573302201641467, 0.2917101225481582],
 [5, 7, 0.01, 0.08906433833341762, 0.5011141906144053, 0.318054174169797],
 [5, 7, 0.1, 0.08450465978928949, 0.5237810440619026, 0.2591605914606228],
 [5, 7, 1, 0.14310878878232522, 3.001297298514578, 0.6844421101393867],
 [5, 8, 0.01, 0.12653742132331874, 0.5476876049368449, 0.2920746939216829],
 [5, 8, 0.1, 0.07985566740110986, 0.8497207641216893, 0.3031243593125361],
 [5, 8, 1, 0.07575318536119197, 1.6565497734513783, 0.41039380354405736],
 [5, 9, 0.01, 0.13470651290113725, 1.0733015328647957, 0.3215720875912468],
 [5, 9, 0.1, 0.07762705148830494, 2.194463079958985, 0.36429303316445094],
 [5, 9, 1, 0.09334214050999064, 3.469759733336543, 0.9893062974437373],
 [5, 10, 0.01, 0.10757510807533426, 1.1014567307088259, 0.3046660997387649],
 [5, 10, 0.1, 0.10309290783481588, 0.8562920504035281, 0.2875789155338012],
 [5, 10, 1, 0.07377054499425253, 5.524599783378073, 0.38605122281929954],
 [5, 11, 0.01, 0.07342178941148383, 0.7480447167579339, 0.3648416255161111],
 [5, 11, 0.1, 0.10760439340794895, 0.8207058661950031, 0.34154371155370433],
 [5, 11, 1, 0.12384738108208615, 4.018715297801, 1.778630677355008],
 [5, 12, 0.01, 0.10301295215239348, 1.0933447104692735, 0.35712691605424496],
 [5, 12, 0.1, 0.14044424353606327, 1.837146682535596, 0.2681624617895844],
 [5, 12, 1, 0.10195923267810744, 3.9836449874376556, 1.399687716409188],
 [5, 13, 0.01, 0.0679396379539266, 0.594213316823031, 0.28051924499695596],
 [5, 13, 0.1, 0.0941076193954985, 1.5299311839012462, 0.39582106926555555],
 [5, 13, 1, 0.07460541721672273, 4.372953563245066, 0.37268623194463657],
 [5, 14, 0.01, 0.07657170464654903, 0.9248788417060695, 0.29264646626630286],
 [5, 14, 0.1, 0.09840475541586509, 0.7346331765521643, 0.3820804576656963],
 [5, 14, 1, 0.06346399924158698, 2.200762551537998, 0.4255865195289239],
 [5, 15, 0.01, 0.0714234519607688, 0.9984639642455349, 0.33821266801267197],
 [5, 15, 0.1, 0.08894079562730399, 1.7490462012238421, 0.2776649506039467],
 [5, 15, 1, 0.12111941615971789, 1.5960802896973736, 0.6803615165049676],
 [5, 16, 0.01, 0.09664118303313587, 1.5557830517018778, 0.4383709444294541],
 [5, 16, 0.1, 0.09365805070187182, 1.6699566744819054, 0.35007518538816745],
 [5, 16, 1, 0.07106072045088871, 4.014540606572964, 0.455689722272303],
 [5, 17, 0.01, 0.06960799032276371, 3.551245140470666, 0.9859098971271638],
 [5, 17, 0.1, 0.08793006935609085, 0.8752556309409139, 0.31742131840587945],
 [5, 17, 1, 0.08442607945035233, 5.16209891520761, 0.9368864422304191],
 [5, 18, 0.01, 0.1143439506969532, 0.7370268817430015, 0.31664891040066073],
 [5, 18, 0.1, 0.11562692570656566, 0.8242988156152048, 0.49423742691792555],
 [5, 18, 1, 0.10801237689981538, 1.9703860130302708, 0.7499548169282327],
 [5, 19, 0.01, 0.09760176672801593, 0.637510668722334, 0.35473538237857766],
 [5, 19, 0.1, 0.09314545722949306, 1.429894486597263, 0.4355134051856211],
 [5, 19, 1, 0.09935923905709505, 1.504777115138159, 0.46154526852647715],
 [5, 20, 0.01, 0.09012329428480957, 1.8856638543528195, 0.2950099347668213],
 [5, 20, 0.1, 0.09548540195750295, 0.7750519281659363, 0.272008639281227],
 [5, 20, 1, 0.06513211811812064, 2.41575223679842, 4.778059110423399],
 [10, 0, 0.01, 0.3859319516844666, 0.5422212175720762, 0.5014069902410974],
 [10, 0, 0.1, 0.4870265342254112, 0.5336825886315255, 0.5005740178502787],
 [10, 0, 1, 0.5259223222804128, 1.181216968759469, 5.7505355596046694],
 [10, 1, 0.01, 0.44058186969868735, 0.5647646880285844, 0.5244322062376067],
 [10, 1, 0.1, 0.4747694952938867, 0.5585493380808775, 0.5117344717575576],
 [10, 1, 1, 0.4164868571663886, 1.5679145423465253, 2.0063161865849484],
 [10, 2, 0.01, 0.39968635310507344, 0.861041205229124, 0.5226765950173712],
 [10, 2, 0.1, 0.38890977685529443, 0.5657449286872268, 0.4823669236795488],
 [10, 2, 1, 0.4223376496789862, 3.979002641542216, 1.3664260509689816],
 [10, 3, 0.01, 0.2991458089623021, 0.39553436927321656, 0.3455102154237194],
 [10, 3, 0.1, 0.25799175427239623, 0.48162289891054605, 0.34708670943335507],
 [10, 3, 1, 0.28302401832470303, 2.210400979942294, 2.8664028836528357],
 [10, 4, 0.01, 0.16617642179806685, 0.324428321948107, 0.2765375216140103],
 [10, 4, 0.1, 0.16694715867815074, 0.4626156021492925, 0.3513350757113825],
 [10, 4, 1, 0.17494741507469183, 3.9932705402581883, 2.508094266915451],
 [10, 5, 0.01, 0.18558255734733015, 0.2708763340395676, 0.21938627332825844],
 [10, 5, 0.1, 0.16663361624264983, 0.27794158542979425, 0.2520607778049618],
 [10, 5, 1, 0.16729223999504111, 2.094726478529427, 8.048144300172936],
 [10, 6, 0.01, 0.14569211005948693, 0.29605367010609357, 0.22772489001236876],
 [10, 6, 0.1, 0.17122996162733942, 0.2754495770304474, 0.2127833496386478],
 [10, 6, 1, 0.1409485365377133, 1.283528967909223, 0.40316908240370936],
 [10, 7, 0.01, 0.14277305469476714, 0.32366444937161093, 0.2629260419218793],
 [10, 7, 0.1, 0.1374414658551317, 0.37194802483374534, 0.24747378248265806],
 [10, 7, 1, 0.16532844059784357, 1.322934952623772, 0.47973291945713226],
 [10, 8, 0.01, 0.16714235952073792, 0.33922619109124236, 0.24480372932346925],
 [10, 8, 0.1, 0.16478547898196888, 0.39599505536383645, 0.3756775426260039],
 [10, 8, 1, 0.1602571538616571, 1.5870715664266097, 0.27727635989878774],
 [10, 9, 0.01, 0.151232267330292, 0.37267985439847673, 0.24871542762492582],
 [10, 9, 0.1, 0.14810453380383684, 0.45041372256493417, 0.3634922551655967],
 [10, 9, 1, 0.14463840533270797, 1.6430174956849632, 0.840984088934721],
 [10, 10, 0.01, 0.16290357520677853, 0.5166636940760226, 0.2769956199353308],
 [10, 10, 0.1, 0.15223050861688364, 1.2442409494042208, 0.2756126185799484],
 [10, 10, 1, 0.14630342971041246, 2.8914962415787366, 0.3735687518733829],
 [10, 11, 0.01, 0.15010449508511678, 0.46458817336235175, 0.3227468591663658],
 [10, 11, 0.1, 0.13471656659987194, 0.5947070426327298, 0.3450820957198642],
 [10, 11, 1, 0.16516544090838883, 5.854282068529322, 0.24563975921258957],
 [10, 12, 0.01, 0.15483686590022894, 0.4414680145523306, 0.27159237172887085],
 [10, 12, 0.1, 0.1483443816622853, 0.41626268726931526, 0.3208561775078481],
 [10, 12, 1, 0.15779032294317902, 1.3656564028484508, 2.9165507659536614],
 [10, 13, 0.01, 0.1519292771285962, 1.201078933886749, 0.3031773721341684],
 [10, 13, 0.1, 0.172974824118172, 0.35549582216000786, 0.23703602581643424],
 [10, 13, 1, 0.16458774526390502, 2.1500080422176593, 0.7499346889998345],
 [10, 14, 0.01, 0.1449803059215448, 0.4185887714900611, 0.2553154619286477],
 [10, 14, 0.1, 0.12710189123763094, 0.3865952336588342, 0.33789789350580596],
 [10, 14, 1, 0.12073932577726047, 1.8296394064470907, 6.069586194740405],
 [10, 15, 0.01, 0.11806742315672028, 0.6410468565860251, 0.3322893625122048],
 [10, 15, 0.1, 0.15869376952276087, 0.5651216610099813, 0.28353310675662313],
 [10, 15, 1, 0.172462140827623, 1.2766196516458184, 1.7946308071760242],
 [10, 16, 0.01, 0.15609129677509542, 0.5061733908953413, 0.2901391516297464],
 [10, 16, 0.1, 0.1485342723633814, 0.6341847890268488, 0.3294442039049887],
 [10, 16, 1, 0.13338070427864882, 3.038022684995794, 6.841557047684404],
 [10, 17, 0.01, 0.13265003624387353, 0.6991594730028765, 0.376110550210557],
 [10, 17, 0.1, 0.13348183431962454, 0.6810184194940667, 0.370607311567728],
 [10, 17, 1, 0.12594892091046916, 2.8866874825922486, 1.2389674147579095],
 [10, 18, 0.01, 0.12868848512816167, 0.7960917228238535, 0.3704571652163736],
 [10, 18, 0.1, 0.15905956285906656, 0.4303813092467033, 0.245811616864529],
 [10, 18, 1, 0.09115488707283448, 3.388743741662542, 0.37733644980434],
 [10, 19, 0.01, 0.13524476512150768, 0.30708370832713594, 0.23358814571152012],
 [10, 19, 0.1, 0.1496481068970467, 0.28831842116747697, 0.2266019865581873],
 [10, 19, 1, 0.15014055018959474, 2.4235464671715183, 2.7410651767388],
 [10, 20, 0.01, 0.11065749621818106, 0.9840245248352678, 0.25956672335561787],
 [10, 20, 0.1, 0.1277788291970621, 0.3531401750472423, 0.22719092592425263],
 [10, 20, 1, 0.14909877691225812, 1.85883582827162, 0.6464770867134977],
 [20, 0, 0.01, 0.47766748287458605, 0.5256492110106534, 0.4947267079789938],
 [20, 0, 0.1, 0.48509595861405624, 0.5466104001504412, 0.4958712120525175],
 [20, 0, 1, 0.45168449226213037, 2.69862246117658, 1.2743372683591325],
 [20, 1, 0.01, 0.4909707636451743, 0.535144751921512, 0.504257670576924],
 [20, 1, 0.1, 0.5191624714357567, 0.5451113053690422, 0.5083810165821834],
 [20, 1, 1, 0.5220655563181487, 2.588175552848131, 0.5002356047896492],
 [20, 2, 0.01, 0.42285167234722226, 0.5101505494796339, 0.4902110197236411],
 [20, 2, 0.1, 0.38790584950422546, 0.5638787410836081, 0.4671399444038491],
 [20, 2, 1, 0.4367141819194025, 2.7556441950777844, 1.5580248487733226],
 [20, 3, 0.01, 0.27969345833000525, 0.3896540631473173, 0.3541906672461994],
 [20, 3, 0.1, 0.30585972850445736, 0.3796183063487742, 0.33918755217846674],
 [20, 3, 1, 0.2754707905359216, 1.809992263128061, 1.686818727370144],
 [20, 4, 0.01, 0.2063654010798027, 0.24506866133077798, 0.257641868795886],
 [20, 4, 0.1, 0.1934381860574384, 0.2787762693986428, 0.25876023787043656],
 [20, 4, 1, 0.21402628826030154, 2.2730606677536493, 0.335693690566672],
 [20, 5, 0.01, 0.16834373887326498, 0.24601301330019454, 0.22078789179932112],
 [20, 5, 0.1, 0.17947376397513368, 0.24737119450729078, 0.22276814519047458],
 [20, 5, 1, 0.19334293068807215, 1.1203137162922807, 3.3638998759382033],
 [20, 6, 0.01, 0.1721082936415912, 0.24838593641625165, 0.2186246666950602],
 [20, 6, 0.1, 0.19443994879709195, 0.2585023209653468, 0.22494814126503468],
 [20, 6, 1, 0.19481588168204186, 1.4130735945737176, 0.6893246927427279],
 [20, 7, 0.01, 0.17832248736629983, 0.2601786516736765, 0.24102470830573627],
 [20, 7, 0.1, 0.18310191637483814, 0.27727855238040655, 0.2408328020248287],
 [20, 7, 1, 0.16820694193165903, 2.9962823116092547, 0.8153455440825195],
 [20, 8, 0.01, 0.17125321184327016, 0.2947621636875465, 0.2468880023347289],
 [20, 8, 0.1, 0.1788855981900095, 0.30367869371240985, 0.2550473912943648],
 [20, 8, 1, 0.18493296834280426, 2.070506070621206, 5.646148620893872],
 [20, 9, 0.01, 0.18277306208418956, 0.3022163961927213, 0.2464135416637379],
 [20, 9, 0.1, 0.1866926231612665, 0.2967933298990504, 0.2611782256511604],
 [20, 9, 1, 0.16369785166872508, 2.023461478500566, 0.24159554136248512],
 [20, 10, 0.01, 0.16723801107136466, 0.3035927417131153, 0.24778809541614738],
 [20, 10, 0.1, 0.19230240935179566, 0.4128140099847573, 0.28879344516406835],
 [20, 10, 1, 0.19749602045544162, 1.0723391887918883, 0.6207367924172619],
 [20, 11, 0.01, 0.18336700583180215, 0.30461759504074176, 0.23490354982040948],
 [20, 11, 0.1, 0.17873517354272345, 0.4126381801005127, 0.29554692941696176],
 [20, 11, 1, 0.19661167403563845, 2.0828612717087776, 1.8851209890487064],
 [20, 12, 0.01, 0.17015666180783734, 0.3682029697597606, 0.25362845305858067],
 [20, 12, 0.1, 0.196930418722651, 0.27110151541810346, 0.2239607809329265],
 [20, 12, 1, 0.16536327841593196, 1.737365212369842, 0.5600658061534288],
 [20, 13, 0.01, 0.17569540997084024, 0.258559352205432, 0.2154578773587189],
 [20, 13, 0.1, 0.1569220285857698, 0.2929447794942147, 0.23606453018408077],
 [20, 13, 1, 0.18155228720439362, 3.5293171514010124, 0.3644952824588858],
 [20, 14, 0.01, 0.1831869358560328, 0.3166108023260379, 0.22527007657532747],
 [20, 14, 0.1, 0.1730341096795135, 0.47770115098095206, 0.2818328560431986],
 [20, 14, 1, 0.1754030636932044, 0.8946008674955476, 0.23023539773945476],
 [20, 15, 0.01, 0.15245967260456145, 0.2959993213123256, 0.20522803729345362],
 [20, 15, 0.1, 0.15222121690325188, 0.49714382192314027, 0.2953754923032914],
 [20, 15, 1, 0.17730382722652815, 1.36123347558016, 0.8842971995176913],
 [20, 16, 0.01, 0.17800157286415033, 0.2877897670388519, 0.21936584545827467],
 [20, 16, 0.1, 0.14537110471439363, 0.34321277673336337, 0.2433114405548902],
 [20, 16, 1, 0.1732498141365541, 4.458074545520445, 0.2897592100298493],
 [20, 17, 0.01, 0.15772606205388995, 0.2314038235394503, 0.19610676315476597],
 [20, 17, 0.1, 0.1628564324991548, 0.6173512704097635, 0.28638661213137595],
 [20, 17, 1, 0.16886866551231966, 1.9523643142830207, 1.2734724384582234],
 [20, 18, 0.01, 0.15995609785481724, 0.2202098334278671, 0.1959032202292229],
 [20, 18, 0.1, 0.15953594346810704, 0.3931351691756101, 0.2058150660791594],
 [20, 18, 1, 0.1622258893270894, 1.6961329762520783, 0.274448439900003],
 [20, 19, 0.01, 0.1560850251037029, 0.21537630959200108, 0.1760243887502378],
 [20, 19, 0.1, 0.1749428461308557, 0.37784817806683346, 0.19312444422688535],
 [20, 19, 1, 0.1401181272393175, 3.0168310157911873, 0.6706208594881806],
 [20, 20, 0.01, 0.1588126976432658, 0.20195163535638957, 0.17988298988175042],
 [20, 20, 0.1, 0.1520196756152134, 0.4538523562388062, 0.23919788225419308],
 [20, 20, 1, 0.14874371657506097, 4.24649832525266, 1.0851716610529691],
 [50, 0, 0.01, 0.48736412472799184, 0.5138995580291317, 0.5048451362039684],
 [50, 0, 0.1, 0.48830388981451456, 0.5123202040630561, 0.5113037844845385],
 [50, 0, 1, 0.4792127019015512, 6.227508251538892, 1.3276101495504036],
 [50, 1, 0.01, 0.4740886889673071, 0.5054193413322916, 0.5031779766825566],
 [50, 1, 0.1, 0.49391430553934323, 0.5477498372529672, 0.4811276375205373],
 [50, 1, 1, 0.5009046479914531, 1.520440985555307, 1.605745870450569],
 [50, 2, 0.01, 0.45279530848094823, 0.47964955118057606, 0.472973212967241],
 [50, 2, 0.1, 0.45308310616359143, 0.48427553760692543, 0.4838621744298491],
 [50, 2, 1, 0.48018897570196517, 3.151947760867454, 4.289482519454552],
 [50, 3, 0.01, 0.29212190447059944, 0.3379355733632138, 0.34450204438424287],
 [50, 3, 0.1, 0.31043758211087835, 0.3460345664412679, 0.3367707992570063],
 [50, 3, 1, 0.3091380459978219, 1.2311022492997892, 0.3793004290242429],
 [50, 4, 0.01, 0.2250622227040652, 0.2310418316561762, 0.2289839455277939],
 [50, 4, 0.1, 0.22610782786067296, 0.29115779069743974, 0.23695876837160396],
 [50, 4, 1, 0.22244802626612006, 1.965229858259138, 0.24576579743150886],
 [50, 5, 0.01, 0.1926618888647456, 0.2213906134893858, 0.212239007048492],
 [50, 5, 0.1, 0.1919284032753327, 0.24498855762722807, 0.20454025873726583],
 [50, 5, 1, 0.19271928298094052, 3.449724322106525, 1.2358231002454296],
 [50, 6, 0.01, 0.21018925676491013, 0.22532863176800313, 0.21182213536377328],
 [50, 6, 0.1, 0.19547570223096583, 0.24525202492866954, 0.20951459999115712],
 [50, 6, 1, 0.1989833941789801, 1.6537698341455809, 0.369012773443036],
 [50, 7, 0.01, 0.2061965231110742, 0.2480632205376975, 0.22641845035142427],
 [50, 7, 0.1, 0.21027715697206797, 0.3167939993348171, 0.2948720916599591],
 [50, 7, 1, 0.2164549200694525, 1.5754256301354408, 0.9136891689686595],
 [50, 8, 0.01, 0.20886870019798626, 0.2493239068181004, 0.23173686855855286],
 [50, 8, 0.1, 0.21101437097947962, 0.25437495269906685, 0.22284867868881508],
 [50, 8, 1, 0.22060979861986807, 3.0953125393909784, 2.315911579061857],
 [50, 9, 0.01, 0.20580823640200419, 0.2631084469481044, 0.22407312786699377],
 [50, 9, 0.1, 0.2209191488209299, 0.23859830304352564, 0.2304335488872262],
 [50, 9, 1, 0.2061846144055795, 1.3242972477166084, 0.34812387090859503],
 [50, 10, 0.01, 0.19501936530240468, 0.2723529857693664, 0.2265592371438025],
 [50, 10, 0.1, 0.2091149518115369, 0.24960564639539756, 0.22824735949124453],
 [50, 10, 1, 0.2084135833385688, 2.550474869959522, 1.8786744082461213],
 [50, 11, 0.01, 0.1977523039564862, 0.22793715620753355, 0.20984109255375957],
 [50, 11, 0.1, 0.20228438477467786, 0.2788364899291863, 0.233021188898868],
 [50, 11, 1, 0.18600558208005796, 2.024994640235343, 0.9224546542625411],
 [50, 12, 0.01, 0.19979958077103474, 0.23133833237638143, 0.20482038710669176],
 [50, 12, 0.1, 0.20147496148268124, 0.2648858855921011, 0.23487781075804678],
 [50, 12, 1, 0.2038859372038365, 2.9135652987954845, 3.416761515863442],
 [50, 13, 0.01, 0.19137768501954708, 0.32156715886508014, 0.2233794599893188],
 [50, 13, 0.1, 0.18655257839811631, 0.2721487981202984, 0.22636332618735922],
 [50, 13, 1, 0.17066850840443076, 1.9189380545486785, 2.0750419895872283],
 [50, 14, 0.01, 0.18871992538132204, 0.20712579684082916, 0.18852891142077446],
 [50, 14, 0.1, 0.18535584055150006, 0.23213866802921634, 0.1949646116886898],
 [50, 14, 1, 0.18244370320304712, 1.3519474342000541, 3.260564006744913],
 [50, 15, 0.01, 0.1813316173884118, 0.21066261241596185, 0.19726788758780037],
 [50, 15, 0.1, 0.17357263382982668, 0.20092587689157004, 0.194939392763551],
 [50, 15, 1, 0.16214832323779696, 1.9694274292394176, 0.21103174116189327],
 [50, 16, 0.01, 0.16823775118240145, 0.19200616061932138, 0.17392964140244135],
 [50, 16, 0.1, 0.17989327880977216, 0.21106492810376523, 0.2138424231535361],
 [50, 16, 1, 0.1663856079255279, 1.5447529934155806, 1.9531582977475692],
 [50, 17, 0.01, 0.16565918634647517, 0.20572304702734798, 0.1954511084410534],
 [50, 17, 0.1, 0.16718109821272814, 0.19085425716318355, 0.1905007814730666],
 [50, 17, 1, 0.17191693552825593, 1.3519994802637902, 0.9820343918601788],
 [50, 18, 0.01, 0.1705120721809059, 0.18133020334211003, 0.17803218722191244],
 [50, 18, 0.1, 0.16432959297167402, 0.17893575729604672, 0.16861665828669148],
 [50, 18, 1, 0.17108650227941852, 1.8306270178391295, 1.1286479369970819],
 [50, 19, 0.01, 0.16646702519040352, 0.1800808133182248, 0.1707069384427522],
 [50, 19, 0.1, 0.15839934312717485, 0.20280538112116936, 0.19531166413309503],
 [50, 19, 1, 0.1606981928573149, 1.5480218534309214, 2.2816731681864755],
 [50, 20, 0.01, 0.16206633319708552, 0.18443140695680066, 0.1700675186537433],
 [50, 20, 0.1, 0.1664655696703546, 0.26649349916633913, 0.18379050754582463],
 [50, 20, 1, 0.16946629386608117, 1.9945614028505365, 0.6564951233124767],
 [100, 0, 0.01, 0.49580284294672283, 0.5084003958182304, 0.49891921050538407],
 [100, 0, 0.1, 0.4953942023924306, 0.5135808860146187, 0.5046507940243873],
 [100, 0, 1, 0.4834601053178737, 2.353103763408762, 2.3717928195655102],
 [100, 1, 0.01, 0.503551412445949, 0.5035717223800449, 0.4996052109590622],
 [100, 1, 0.1, 0.49976259744657814, 0.5513155618716846, 0.5229147368221847],
 [100, 1, 1, 0.4924997092153335, 1.9759151000141053, 0.5357181846057867],
 [100, 2, 0.01, 0.45398540745918375, 0.47776275322152506, 0.4572671033895589],
 [100, 2, 0.1, 0.44743546926091576, 0.4967423521989257, 0.47816074361756433],
 [100, 2, 1, 0.4441666881728869, 2.9030046532005156, 0.48917961771395957],
 [100, 3, 0.01, 0.318950009378534, 0.32463906311784363, 0.303334462025925],
 [100, 3, 0.1, 0.30933359066584615, 0.36103585207883404, 0.333885657903775],
 [100, 3, 1, 0.326021116951101, 2.674710992303279, 0.35119590657931077],
 [100, 4, 0.01, 0.22143040986665524, 0.2297815365917438, 0.23865433118067572],
 [100, 4, 0.1, 0.22540502959973913, 0.26317611248161044, 0.22863656069366978],
 [100, 4, 1, 0.22361808079113504, 1.1168070439765319, 0.3434858447610624],
 [100, 5, 0.01, 0.1941934283486339, 0.20894625397868838, 0.207757492647131],
 [100, 5, 0.1, 0.19708592557282373, 0.22207125906813033, 0.20993583455601278],
 [100, 5, 1, 0.20262732804113864, 2.04253319163906, 1.1880917868776937],
 [100, 6, 0.01, 0.22161502358731408, 0.22401498792754443, 0.22404209061735422],
 [100, 6, 0.1, 0.20979015574468796, 0.22779900026408145, 0.21052464233924123],
 [100, 6, 1, 0.20901753566584755, 1.9626489059357801, 0.6391268366316328],
 [100, 7, 0.01, 0.22183875748709783, 0.22641527159147853, 0.21879052142368327],
 [100, 7, 0.1, 0.21294721512453113, 0.24827883934449008, 0.24932438228547255],
 [100, 7, 1, 0.21566253405639474, 4.6711015620104135, 0.2584980637652971],
 [100, 8, 0.01, 0.22354606606870417, 0.23690263457708677, 0.21700041087030136],
 [100, 8, 0.1, 0.2168465932205644, 0.2640060718167945, 0.22820475898203216],
 [100, 8, 1, 0.2140463675230259, 2.139152306788842, 0.385246316299302],
 [100, 9, 0.01, 0.22583927111917737, 0.23207253599044786, 0.22436176238374217],
 [100, 9, 0.1, 0.2159084283032026, 0.26307944839045855, 0.21997749689552049],
 [100, 9, 1, 0.21976624730939953, 2.0255268229813357, 6.170294047420361],
 [100, 10, 0.01, 0.21169138042492888, 0.240493940261414, 0.2187617541295273],
 [100, 10, 0.1, 0.2186911183162723, 0.2580961662071906, 0.22364740367646724],
 [100, 10, 1, 0.21082500755330127, 3.083516906524248, 0.6311176669805364],
 [100, 11, 0.01, 0.20701553810094175, 0.21969457866913317, 0.2057593036046434],
 [100, 11, 0.1, 0.21590859215845043, 0.22473492591299343, 0.20426284372669057],
 [100, 11, 1, 0.2061781750277004, 2.6147625248904474, 0.8892363405425917],
 [100, 12, 0.01, 0.19537051595622174, 0.20950237885242573, 0.20904714619372305],
 [100, 12, 0.1, 0.2021854139552442, 0.22745166656144294, 0.20692119457612362],
 [100, 12, 1, 0.2020562185670341, 2.4481357117735376, 0.20080795853294547],
 [100, 13, 0.01, 0.18371515033795838, 0.20187658718578577, 0.19289019936805155],
 [100, 13, 0.1, 0.1896916412900336, 0.22292911577731953, 0.2469806514134187],
 [100, 13, 1, 0.19198165695194425, 1.720191666548659, 1.2339631713043038],
 [100, 14, 0.01, 0.18575895909563336, 0.19673981900789997, 0.1908708421507381],
 [100, 14, 0.1, 0.18235498748133405, 0.20789098630755612, 0.19806860193512807],
 [100, 14, 1, 0.1907944563162349, 1.7300783996563418, 0.5006891277676121],
 [100, 15, 0.01, 0.17294004226386714, 0.1926005022641279, 0.1959974999203875],
 [100, 15, 0.1, 0.17711882784769487, 0.21723007046239995, 0.1863775449286001],
 [100, 15, 1, 0.18413613119478475, 0.9608136626607054, 0.5039948296087157],
 [100, 16, 0.01, 0.17419682069889073, 0.19101908031513912, 0.18476283130114218],
 [100, 16, 0.1, 0.169248154901735, 0.20167981308226673, 0.18961036748617627],
 [100, 16, 1, 0.17677106296514805, 2.230510972234824, 0.543687599097146],
 [100, 17, 0.01, 0.17129369592223737, 0.18830717945775013, 0.1886472482674299],
 [100, 17, 0.1, 0.17325776473363827, 0.19768851479946833, 0.17604255463545931],
 [100, 17, 1, 0.1764809778431265, 1.8683114495942452, 1.840831599129017],
 [100, 18, 0.01, 0.1680974452483531, 0.1787938117752716, 0.17033231488874387],
 [100, 18, 0.1, 0.16830458153405853, 0.20448909856634545, 0.19957996126248576],
 [100, 18, 1, 0.17292750783229643, 3.0478580773325312, 0.173519001369222],
 [100, 19, 0.01, 0.16915490302449138, 0.17572627051013312, 0.17328439463256443],
 [100, 19, 0.1, 0.16658369881111784, 0.20061036298284468, 0.19692281059863775],
 [100, 19, 1, 0.15500030509498083, 2.7740191539617385, 0.5086610578699386],
 [100, 20, 0.01, 0.16036397521553722, 0.1728525791955659, 0.16812189977829833],
 [100, 20, 0.1, 0.16638109595815642, 0.1879927114967485, 0.16925091181201646],
 [100, 20, 1, 0.15997432427863018, 1.3104700374480722, 0.46732220110264394],
 [200, 0, 0.01, 0.48986604588363686, 0.5095068429888201, 0.5173132440395158],
 [200, 0, 0.1, 0.48905255160955036, 0.5204298302251686, 0.5099768172369377],
 [200, 0, 1, 0.5000765074941159, 2.184986902755535, 0.7755723289908651],
 [200, 1, 0.01, 0.5187940367522448, 0.49895198990589423, 0.46790235583938106],
 [200, 1, 0.1, 0.49393958173005953, 0.5297422301076617, 0.5073762915539776],
 [200, 1, 1, 0.5055914174717672, 2.5399166753452582, 0.5775450697189832],
 [200, 2, 0.01, 0.4537943395101145, 0.47585420665319045, 0.4549202233416761],
 [200, 2, 0.1, 0.4565398602314902, 0.4868804715301412, 0.47469551978211943],
 [200, 2, 1, 0.4620770416766316, 1.3096601630267226, 3.488218334538056],
 [200, 3, 0.01, 0.30173385346172565, 0.3292900834417511, 0.325829599276837],
 [200, 3, 0.1, 0.3173226503302987, 0.3526597221583115, 0.3155764861230086],
 [200, 3, 1, 0.3112257362626637, 4.660390400080644, 0.35506829107440474],
 [200, 4, 0.01, 0.22332980797946825, 0.2299936175681852, 0.21988917701443703],
 [200, 4, 0.1, 0.21603634254216364, 0.24967906550505842, 0.22438350778521776],
 [200, 4, 1, 0.22524040227775438, 3.154035539552245, 1.244979019203343],
 [200, 5, 0.01, 0.2018019358511344, 0.21307507262429604, 0.21420271083293474],
 [200, 5, 0.1, 0.20332892899561608, 0.22173817310493096, 0.22742845399547507],
 [200, 5, 1, 0.203786660037158, 2.1675942847325356, 1.6514815766943998],
 [200, 6, 0.01, 0.21247429197976292, 0.22275250093514173, 0.21817509595243983],
 [200, 6, 0.1, 0.21816620792627087, 0.2321682570045312, 0.2124760603940999],
 [200, 6, 1, 0.20708225480741832, 2.364473537418762, 0.2929478037422842],
 [200, 7, 0.01, 0.2163231555440858, 0.22491485999095712, 0.22384375382901253],
 [200, 7, 0.1, 0.22383576850053974, 0.23388087788191986, 0.22247389827856714],
 [200, 7, 1, 0.21841365624598588, 1.6519811090988816, 0.22429034431083314],
 [200, 8, 0.01, 0.21722087513771662, 0.23329801492314997, 0.23447154550014074],
 [200, 8, 0.1, 0.22314735285828605, 0.2417127618878106, 0.2376200475249097],
 [200, 8, 1, 0.22632233117793543, 1.9216667407635633, 0.28685316510262726],
 [200, 9, 0.01, 0.21320222639288708, 0.22863059225027849, 0.2391780952188019],
 [200, 9, 0.1, 0.21953095162637082, 0.245658341481548, 0.22552125451831626],
 [200, 9, 1, 0.22772000198629158, 2.907780328794808, 0.6328922488034434],
 [200, 10, 0.01, 0.2185298024988765, 0.21856956838998826, 0.21916057643859257],
 [200, 10, 0.1, 0.2115980513828442, 0.23599893195421823, 0.22570428776369222],
 [200, 10, 1, 0.21657786887355127, 2.794780671743836, 1.3764632646550539],
 [200, 11, 0.01, 0.20733756495347228, 0.2128586597455108, 0.21044525712723366],
 [200, 11, 0.1, 0.2086652419009163, 0.2249777515645579, 0.20581951248424887],
 [200, 11, 1, 0.2050923303114657, 1.2711731364380625, 0.24069753836599034],
 [200, 12, 0.01, 0.20338483006676106, 0.2067367640779129, 0.21059344600904895],
 [200, 12, 0.1, 0.19913028197604973, 0.2338297914892089, 0.18831965803453968],
 [200, 12, 1, 0.20120264614393707, 3.3808927891575093, 0.34115079531619535],
 [200, 13, 0.01, 0.19045739103364406, 0.198539240997088, 0.195792396690944],
 [200, 13, 0.1, 0.1927654802964776, 0.20532961383481768, 0.19122099621838468],
 [200, 13, 1, 0.19169836495953754, 1.586506066220485, 0.29788602659522717],
 [200, 14, 0.01, 0.1848436953573635, 0.19197032161195832, 0.18478358579966195],
 [200, 14, 0.1, 0.18505305277653447, 0.20033244273655856, 0.19339464735970535],
 [200, 14, 1, 0.1857879966574541, 3.7460926063772426, 2.2349278391236838],
 [200, 15, 0.01, 0.17537260906234076, 0.18757699931085486, 0.18699731889307425],
 [200, 15, 0.1, 0.17969651057521832, 0.2023496443708525, 0.19926207726515383],
 [200, 15, 1, 0.17680200344966743, 1.4503400114253329, 1.6176447027393077],
 [200, 16, 0.01, 0.17518307453367396, 0.1814635961609648, 0.1703538309349063],
 [200, 16, 0.1, 0.17617500914134102, 0.200595529406944, 0.18386859526038493],
 [200, 16, 1, 0.17960196166747583, 2.9390046521777315, 4.008555725527379],
 [200, 17, 0.01, 0.17352328004093348, 0.17251209929345268, 0.16274950455522824],
 [200, 17, 0.1, 0.1692571867723916, 0.1840428165084072, 0.17538253435184928],
 [200, 17, 1, 0.17422416918691505, 2.1525033882998943, 0.3018652267134882],
 [200, 18, 0.01, 0.17192151585574975, 0.17281643378593073, 0.1695270870209576],
 [200, 18, 0.1, 0.17004390703146938, 0.18550147766511493, 0.16468706074446224],
 [200, 18, 1, 0.16875343686833869, 2.4512362965869987, 0.23005877333824992],
 [200, 19, 0.01, 0.1677847730025396, 0.17219460416990004, 0.17022026934660645],
 [200, 19, 0.1, 0.1657752095851135, 0.17513095960664507, 0.16711792407362788],
 [200, 19, 1, 0.1687633778716365, 2.450520834195405, 4.938287033128226],
 [200, 20, 0.01, 0.16305046349806546, 0.16928990902734542, 0.17130300414238744],
 [200, 20, 0.1, 0.16754831207796683, 0.1828209250370974, 0.18210905699901087],
 [200, 20, 1, 0.16722289972357185, 2.52525501278698, 5.762413991553009]]
