[[2, 1, 0.01, 0.23793879374562216, 0.666409960205052, 0.5168764316468613],
 [2, 1, 0.1, 0.2685046368448615, 0.7262530415322288, 0.7568783256574608],
 [2, 1, 1, 0.40599948191142515, 2.37386572369786, 0.7697794478239507],
 [2, 2, 0.01, 0.23907177275952254, 0.6697897960336261, 0.4956803606450295],
 [2, 2, 0.1, 0.25586473252775105, 0.7184021177517156, 0.511749936191871],
 [2, 2, 1, 0.3127104058517688, 2.18110561600275, 0.4971461826917186],
 [2, 3, 0.01, 0.22068783477671333, 0.6430598788079602, 0.4859639574258674],
 [2, 3, 0.1, 0.24349766277439033, 0.687220610408846, 0.5475960756857026],
 [2, 3, 1, 0.3056350915742575, 2.0553862857834693, 5.190619974154589],
 [2, 4, 0.01, 0.239810995241043, 0.6947864819519997, 0.46387476618685164],
 [2, 4, 0.1, 0.19440300220731438, 0.6012875581595573, 0.4658414663833024],
 [2, 4, 1, 0.23657923534181347, 1.6139496557179993, 0.4550339760823583],
 [2, 5, 0.01, 0.2639927400943497, 0.6173255634595204, 0.5027012548427295],
 [2, 5, 0.1, 0.2635460699328722, 0.6559423100387469, 0.44637630879177215],
 [2, 5, 1, 0.2763543542432282, 2.509624459776853, 0.5156992781486921],
 [2, 6, 0.01, 0.16597303920852408, 0.5889673519717957, 0.46371817994539083],
 [2, 6, 0.1, 0.1899889974062202, 0.7094534180229856, 0.5024479737230397],
 [2, 6, 1, 0.2736885577182681, 1.6364776948861615, 1.718104033691496],
 [2, 7, 0.01, 0.253915537301568, 0.663736509483003, 0.4878983731662585],
 [2, 7, 0.1, 0.16377844985466056, 0.6720189611203482, 0.45336958880413125],
 [2, 7, 1, 0.23517742052469198, 2.4107404212523385, 0.7445757392802727],
 [2, 8, 0.01, 0.21212497687939802, 0.600194234610026, 0.4673423022696098],
 [2, 8, 0.1, 0.17811716142218967, 0.7083891664074999, 0.5660985622322096],
 [2, 8, 1, 0.40889574820225993, 1.70227751449652, 3.39031973254754],
 [2, 9, 0.01, 0.13872239733335584, 0.6072301553273405, 0.4352351370599392],
 [2, 9, 0.1, 0.21283615774077003, 0.5470987393092126, 0.4371819440666886],
 [2, 9, 1, 0.4355061846988285, 2.0973061667906236, 0.6714311733590013],
 [2, 10, 0.01, 0.1685542530668384, 0.702805551243956, 0.47225571343135014],
 [2, 10, 0.1, 0.17576262667783632, 0.6034825641891032, 0.48750961357198724],
 [2, 10, 1, 0.284847449252305, 2.2916933641282844, 1.7161723174372256],
 [2, 11, 0.01, 0.17657287533176091, 0.5465736781827769, 0.4445013704092078],
 [2, 11, 0.1, 0.10419811583699978, 0.7100523731853843, 0.47613720645793517],
 [2, 11, 1, 0.16578791787537592, 2.581941539845866, 1.2655754653336846],
 [2, 12, 0.01, 0.21499020840341815, 0.5677238904655713, 0.4719509503446398],
 [2, 12, 0.1, 0.19856167636759942, 0.6710963421518651, 0.4983018647833175],
 [2, 12, 1, 0.25830983918877143, 2.7649833394654957, 0.5625821172075488],
 [2, 13, 0.01, 0.18932364280697442, 0.5801802972958006, 0.47646041666381994],
 [2, 13, 0.1, 0.1586043997345055, 0.5689117713020918, 0.45068040208328414],
 [2, 13, 1, 0.24539753372568623, 1.8167563054043836, 2.7405584642780125],
 [2, 14, 0.01, 0.19448885246660652, 0.6758012399773325, 0.4862833097685791],
 [2, 14, 0.1, 0.15877704444148755, 0.6963739832629527, 0.49111781110166575],
 [2, 14, 1, 0.3691255393884087, 2.035470655531551, 0.5723164222099076],
 [2, 15, 0.01, 0.22086315897425673, 0.6421153375984593, 0.5120284855830616],
 [2, 15, 0.1, 0.20122857312186518, 0.5721486641128234, 0.48485324076249875],
 [2, 15, 1, 0.2644144302842062, 1.586253140563408, 0.8982797890002936],
 [2, 16, 0.01, 0.12432019831535752, 0.6079505155157156, 0.45651110250111865],
 [2, 16, 0.1, 0.13584952509303688, 0.6714616722042769, 0.5363262959696269],
 [2, 16, 1, 0.33260711943827725, 2.521646253885466, 1.0250507584441695],
 [2, 17, 0.01, 0.14941916905406513, 0.6741885021992883, 0.46903788006343144],
 [2, 17, 0.1, 0.1311446635224825, 0.7383097040460459, 0.49563618974771995],
 [2, 17, 1, 0.2661006561128419, 1.8680179056798933, 1.1941606663388311],
 [2, 18, 0.01, 0.2253406552659123, 0.5670129111593003, 0.44699310533332326],
 [2, 18, 0.1, 0.16629418701514592, 0.6054426044133844, 0.4733443526442701],
 [2, 18, 1, 0.37932973794440844, 2.602638328328692, 0.48798004752070107],
 [2, 19, 0.01, 0.22449467189671796, 0.611417546868974, 0.4448846746878465],
 [2, 19, 0.1, 0.2673769624939221, 0.6702603551882826, 0.5606102496366302],
 [2, 19, 1, 0.2023010940579492, 2.786455852177617, 0.571835254999179],
 [2, 20, 0.01, 0.1658306920964942, 0.6185086493411023, 0.44635128868095614],
 [2, 20, 0.1, 0.1954833265752663, 0.7447341060632652, 0.5202068836197278],
 [2, 20, 1, 0.20172784066051178, 2.0449510081983706, 1.088711487925532],
 [5, 1, 0.01, 0.4888464844171578, 0.5985198801603409, 0.5408805480286876],
 [5, 1, 0.1, 0.46587476822396984, 0.6001750577729329, 0.4883517714824627],
 [5, 1, 1, 0.6545564063224973, 2.6319704237977306, 1.0515949714554456],
 [5, 2, 0.01, 0.4256434288848595, 0.6249453504651623, 0.5209974348923171],
 [5, 2, 0.1, 0.4030891998322737, 0.5718018458735818, 0.4989276746286107],
 [5, 2, 1, 0.544085704359551, 1.9585566865049622, 0.49145766529603463],
 [5, 3, 0.01, 0.42291796564770506, 0.5188346306274046, 0.4733666070591208],
 [5, 3, 0.1, 0.3736418292163524, 0.6185643162714165, 0.5192661870606519],
 [5, 3, 1, 0.46144208050724594, 1.5444474754255495, 1.8572378988402067],
 [5, 4, 0.01, 0.36359656240337, 0.5804969411720997, 0.4783792873017011],
 [5, 4, 0.1, 0.4327588115188137, 0.6345885493039113, 0.4667175931964411],
 [5, 4, 1, 0.46158232607830313, 2.2751975295409617, 0.6280222917010375],
 [5, 5, 0.01, 0.36450563646309536, 0.5698718298372304, 0.5072819260628327],
 [5, 5, 0.1, 0.3794184923811303, 0.521728237263203, 0.4578643918852124],
 [5, 5, 1, 0.4863359784562933, 2.871683772880579, 0.5497669246253006],
 [5, 6, 0.01, 0.3396199726929185, 0.5533282506172452, 0.4795912027036931],
 [5, 6, 0.1, 0.3807631762796525, 0.5449620361151242, 0.47211619182648956],
 [5, 6, 1, 0.4670934874761195, 1.3056196714962847, 11.443889329066698],
 [5, 7, 0.01, 0.3014207671294221, 0.5598696939439084, 0.4602352712216539],
 [5, 7, 0.1, 0.37922644369663827, 0.546705339513289, 0.4626175922958375],
 [5, 7, 1, 0.3967883054007383, 2.3807767039686007, 1.1176245575052217],
 [5, 8, 0.01, 0.38012393007174916, 0.498108534641891, 0.4598951201366638],
 [5, 8, 0.1, 0.35658204047939546, 0.5737363491835189, 0.47990206119168],
 [5, 8, 1, 0.4674949482422709, 1.9493460184237812, 3.297897305074266],
 [5, 9, 0.01, 0.30278306104247044, 0.5185116141223169, 0.4410271087206775],
 [5, 9, 0.1, 0.39021016645689344, 0.4930113988809401, 0.4434386389540447],
 [5, 9, 1, 0.47471391559632314, 2.532489510974716, 0.4564846699235321],
 [5, 10, 0.01, 0.32807936737953103, 0.5218091698346201, 0.45365911212635507],
 [5, 10, 0.1, 0.3279975210107332, 0.5443961856582031, 0.47426288012575785],
 [5, 10, 1, 0.5220368930116814, 2.7725666491701055, 0.5858266712273686],
 [5, 11, 0.01, 0.3499910442330558, 0.5266990812215334, 0.4692133482543897],
 [5, 11, 0.1, 0.3264989508593507, 0.5714218741196032, 0.4896475065461205],
 [5, 11, 1, 0.4654695677480224, 1.5585962418190697, 2.725751979604788],
 [5, 12, 0.01, 0.3036617072717832, 0.5380504969470408, 0.46555386337937976],
 [5, 12, 0.1, 0.320348195704264, 0.5100685423797413, 0.4456903728381094],
 [5, 12, 1, 0.4269615468230075, 2.09775334088742, 0.7516850160755034],
 [5, 13, 0.01, 0.31799011506845004, 0.5538672668721821, 0.4504190701045778],
 [5, 13, 0.1, 0.357053902717859, 0.5516556761013331, 0.43051283607582036],
 [5, 13, 1, 0.3782070580946679, 2.425356810481244, 0.5972476620179288],
 [5, 14, 0.01, 0.33751045430453924, 0.5568540747213742, 0.4726758326391575],
 [5, 14, 0.1, 0.3140775144680925, 0.5025235011412118, 0.44008684045751584],
 [5, 14, 1, 0.3835675777650436, 2.0339600141669445, 5.4270109768283765],
 [5, 15, 0.01, 0.31976045520523205, 0.540217520329659, 0.48601808483204567],
 [5, 15, 0.1, 0.341116092711735, 0.5122050473314234, 0.4454941869489545],
 [5, 15, 1, 0.3266322324232673, 2.6687754349284236, 0.47045384544527985],
 [5, 16, 0.01, 0.2850684115654443, 0.5191454596163247, 0.44191121199693195],
 [5, 16, 0.1, 0.27768614608354675, 0.5480101295464704, 0.42055533570245235],
 [5, 16, 1, 0.3594896210310628, 2.1988278095877667, 3.2827420927752824],
 [5, 17, 0.01, 0.35356393589449164, 0.47159457930492177, 0.4111862728881907],
 [5, 17, 0.1, 0.3045400324090026, 0.5056738012737017, 0.4149530096392244],
 [5, 17, 1, 0.558576290652635, 1.601555771891865, 2.5427523940067913],
 [5, 18, 0.01, 0.29794123836547937, 0.5096763736969947, 0.4524180664584682],
 [5, 18, 0.1, 0.3152041503850133, 0.51852306242361, 0.43851121305022894],
 [5, 18, 1, 0.41330432932943034, 1.0446098868101799, 2.3677595456327327],
 [5, 19, 0.01, 0.335807735294463, 0.48800738262528504, 0.42412403549279454],
 [5, 19, 0.1, 0.3579879741896008, 0.5277522435305608, 0.5089719869727852],
 [5, 19, 1, 0.4100392366574693, 1.605726217060529, 4.893753291953536],
 [5, 20, 0.01, 0.38139134955085846, 0.495492327842773, 0.40493750676893475],
 [5, 20, 0.1, 0.3486608622478561, 0.5352197785702485, 0.47322725492368173],
 [5, 20, 1, 0.43532507319379105, 1.694511643672032, 0.7240436344364929],
 [10, 1, 0.01, 0.4716040374701542, 0.6121057520331259, 0.5219974765648614],
 [10, 1, 0.1, 0.5220324475602257, 0.6026007966716252, 0.5705779499594222],
 [10, 1, 1, 0.6014207134825902, 1.2448741278098605, 1.5242638192294835],
 [10, 2, 0.01, 0.44671620823366015, 0.5300724724527907, 0.49485290324312414],
 [10, 2, 0.1, 0.4807319553192161, 0.5685236516816293, 0.5074360093714846],
 [10, 2, 1, 0.5930596098315615, 1.7321201241934627, 0.5014226937834156],
 [10, 3, 0.01, 0.45092908811603216, 0.5470430957811396, 0.5055139939698975],
 [10, 3, 0.1, 0.46021667027823127, 0.5949439924054787, 0.5045191536677156],
 [10, 3, 1, 0.4981847023110505, 2.227606957561175, 0.4956497497857842],
 [10, 4, 0.01, 0.4941023246690646, 0.5392432911679712, 0.4940970541571636],
 [10, 4, 0.1, 0.4441840998049509, 0.5628882986094819, 0.4848049710591067],
 [10, 4, 1, 0.49298536334707854, 2.4528293877729754, 0.8072988554293888],
 [10, 5, 0.01, 0.45141524672454675, 0.49885385504752416, 0.4563030436365704],
 [10, 5, 0.1, 0.43270293875674504, 0.5481911641313211, 0.4909976126523779],
 [10, 5, 1, 0.5724353073389105, 1.9466902278701042, 0.5305953395310374],
 [10, 6, 0.01, 0.42541564077138794, 0.4879021561115084, 0.45761083455445134],
 [10, 6, 0.1, 0.4436515906989511, 0.5091797765282784, 0.4753167895059243],
 [10, 6, 1, 0.4915393718772398, 1.9824721480471923, 1.7445653023653398],
 [10, 7, 0.01, 0.4274281936532125, 0.511712128494686, 0.4417760045120317],
 [10, 7, 0.1, 0.40214261405600826, 0.5110717515462226, 0.4756519458840941],
 [10, 7, 1, 0.4594198060097872, 1.671070630217335, 1.7665045986020753],
 [10, 8, 0.01, 0.4160006468160741, 0.49752058700604146, 0.4545421617464616],
 [10, 8, 0.1, 0.4168090819612097, 0.5377187856249546, 0.5222051820594813],
 [10, 8, 1, 0.4651212518058962, 1.9278265526787153, 0.43477300710758204],
 [10, 9, 0.01, 0.3774852215762864, 0.47762821125902766, 0.45457578509543073],
 [10, 9, 0.1, 0.40121299261117327, 0.4965889740125027, 0.47754971905932553],
 [10, 9, 1, 0.5205020813438278, 2.074709873950377, 2.2126309407366973],
 [10, 10, 0.01, 0.3930659568300164, 0.5241867308132665, 0.45758746946935175],
 [10, 10, 0.1, 0.424712104766082, 0.5241075250163632, 0.4555948022979831],
 [10, 10, 1, 0.5037071492199633, 1.9525096876859778, 0.68306042577339],
 [10, 11, 0.01, 0.4114955307517979, 0.4783870862952967, 0.44666075293985474],
 [10, 11, 0.1, 0.34369015957046767, 0.4992090829574072, 0.48082006892325674],
 [10, 11, 1, 0.48885023037150377, 2.2069448469108646, 0.4882888373005334],
 [10, 12, 0.01, 0.3973453743814461, 0.48342042020518994, 0.43036061732859604],
 [10, 12, 0.1, 0.38586726098130564, 0.4843052057085682, 0.4446147487643121],
 [10, 12, 1, 0.4284808157613663, 2.2179972705998, 0.5029445382563292],
 [10, 13, 0.01, 0.3831183171347068, 0.47488074932641655, 0.45128008696649896],
 [10, 13, 0.1, 0.39339250152750094, 0.48602202133262074, 0.42863464372858434],
 [10, 13, 1, 0.47305365032850083, 1.2180466972482247, 2.289724919125599],
 [10, 14, 0.01, 0.3535815139261717, 0.4369338093172045, 0.42865783414678715],
 [10, 14, 0.1, 0.39595806755293184, 0.5443071708295055, 0.5586762366411012],
 [10, 14, 1, 0.46037910965695394, 2.1808080737643567, 0.7697683600219365],
 [10, 15, 0.01, 0.40976075010793334, 0.48760818501164527, 0.43811226734355185],
 [10, 15, 0.1, 0.3538206110502785, 0.4712261821468548, 0.41492362838587976],
 [10, 15, 1, 0.411072030161667, 1.3679286952648375, 2.3778101228253528],
 [10, 16, 0.01, 0.3752286627939125, 0.45668789155574635, 0.41717357021419527],
 [10, 16, 0.1, 0.36231648254621857, 0.5033941866437861, 0.47215049292661204],
 [10, 16, 1, 0.5235352463328579, 2.7913107324070596, 0.4197955687038248],
 [10, 17, 0.01, 0.3830023806974, 0.4539786819653558, 0.41550086118180873],
 [10, 17, 0.1, 0.3819621835526049, 0.5091633981376416, 0.44510963315572943],
 [10, 17, 1, 0.4735624247853897, 1.518540689920075, 0.5514620602587508],
 [10, 18, 0.01, 0.35012631353360024, 0.46054479455372527, 0.41684988729039074],
 [10, 18, 0.1, 0.39087346054039646, 0.4777889840260464, 0.4295631696647514],
 [10, 18, 1, 0.43945509235180397, 1.6639545018231476, 0.6221405748222132],
 [10, 19, 0.01, 0.37549235446410406, 0.43929884243852635, 0.4338832479858047],
 [10, 19, 0.1, 0.43025077965672914, 0.4792073142521721, 0.43589342780286344],
 [10, 19, 1, 0.40876498418884194, 1.2371566760782704, 0.44891786477555684],
 [10, 20, 0.01, 0.37253767423245704, 0.4655557665829365, 0.4085099044362496],
 [10, 20, 0.1, 0.3954479626812207, 0.47092738294038583, 0.5108335452331109],
 [10, 20, 1, 0.4821638036982116, 2.8602755561515982, 1.000483155994838],
 [20, 1, 0.01, 0.5473063693280913, 0.5686796646866992, 0.5050228657565594],
 [20, 1, 0.1, 0.5140236765577663, 0.5777809842200808, 0.48951531920443947],
 [20, 1, 1, 0.532590378304577, 1.816651239862383, 0.6222979514355705],
 [20, 2, 0.01, 0.4888218230451102, 0.5342940481020213, 0.4975710510203651],
 [20, 2, 0.1, 0.48573822862503535, 0.5688308568492618, 0.48341941436033486],
 [20, 2, 1, 0.6160382390199541, 2.019153401343658, 1.2473360303260759],
 [20, 3, 0.01, 0.5116881743521515, 0.5564005504923749, 0.4977717826950745],
 [20, 3, 0.1, 0.47417964667742946, 0.5250565215159737, 0.49718340715486403],
 [20, 3, 1, 0.6463049423863743, 2.77718106228843, 0.5233585357648439],
 [20, 4, 0.01, 0.4654425582126008, 0.5404617802205189, 0.48669151647757924],
 [20, 4, 0.1, 0.45404523715752987, 0.5454730992972392, 0.5979671004902999],
 [20, 4, 1, 0.5485105891896231, 1.9865256266085445, 1.488899786440351],
 [20, 5, 0.01, 0.46744871044148456, 0.5021003284374439, 0.4702420295312211],
 [20, 5, 0.1, 0.462372777309138, 0.5305795768168451, 0.4703224561889401],
 [20, 5, 1, 0.4766484543927315, 2.0550091195894873, 0.9523276110314705],
 [20, 6, 0.01, 0.42907982958244945, 0.49112236847920404, 0.4587471033668377],
 [20, 6, 0.1, 0.4022711231648975, 0.47985151384764374, 0.45165845165982427],
 [20, 6, 1, 0.5501367684268075, 2.1691113266848814, 0.974662277121876],
 [20, 7, 0.01, 0.42425156731223346, 0.48659145909006263, 0.4532620356483484],
 [20, 7, 0.1, 0.42173916933033573, 0.48375369861768724, 0.45343285014022255],
 [20, 7, 1, 0.5270258620287434, 2.4819694654254523, 0.6765946032083625],
 [20, 8, 0.01, 0.40500701134781114, 0.4352693186289736, 0.41049088848003085],
 [20, 8, 0.1, 0.42687590233793327, 0.49344141162300464, 0.45676936012724245],
 [20, 8, 1, 0.5184913608577667, 1.8526909067989792, 0.8349999954805781],
 [20, 9, 0.01, 0.4136395355832536, 0.459618673550656, 0.4535325416618701],
 [20, 9, 0.1, 0.40999467852375454, 0.47635194300359746, 0.48369138311256316],
 [20, 9, 1, 0.4902470559552386, 2.38127085168534, 1.118451166322241],
 [20, 10, 0.01, 0.39127064834751096, 0.45624641138023997, 0.44834584548957357],
 [20, 10, 0.1, 0.38773602123965445, 0.4694783821382117, 0.4245671305046377],
 [20, 10, 1, 0.4685550031764502, 2.4628055597150493, 0.7396915181771044],
 [20, 11, 0.01, 0.417834408602822, 0.47036960931030436, 0.4503949577643687],
 [20, 11, 0.1, 0.4051673408592076, 0.4571446147994229, 0.4489238829664773],
 [20, 11, 1, 0.4726353306048887, 1.8585247936261104, 0.6574569408344914],
 [20, 12, 0.01, 0.4219707827536993, 0.46533430977478246, 0.44063536067963205],
 [20, 12, 0.1, 0.42430610807131364, 0.48790788928457174, 0.45104245969331536],
 [20, 12, 1, 0.5136199096313823, 2.4690899104748962, 0.41885265590136384],
 [20, 13, 0.01, 0.4020272230324423, 0.4474042093862532, 0.41938542806455986],
 [20, 13, 0.1, 0.41640547300454533, 0.44969065882149967, 0.4513225054858791],
 [20, 13, 1, 0.5537477205357384, 2.377635784996399, 0.49053783958717573],
 [20, 14, 0.01, 0.37007518686902535, 0.44041758009977733, 0.4273055545975197],
 [20, 14, 0.1, 0.4135613689102697, 0.4669934807748482, 0.41122423426357674],
 [20, 14, 1, 0.6181643833795382, 2.4858508478643975, 0.9212015021214485],
 [20, 15, 0.01, 0.4247503563191998, 0.44065396340996327, 0.42484946105375654],
 [20, 15, 0.1, 0.3870263221315139, 0.4636022287104513, 0.44878425424669466],
 [20, 15, 1, 0.5310618132764258, 2.779902878441751, 0.48485765446485524],
 [20, 16, 0.01, 0.40439496701395744, 0.43108625388563276, 0.431373978671439],
 [20, 16, 0.1, 0.419197274414148, 0.4737228165355137, 0.4323044417649529],
 [20, 16, 1, 0.47310124780398094, 1.807287446360355, 0.5638177700194718],
 [20, 17, 0.01, 0.3982334570763143, 0.454663561416946, 0.4218367877641972],
 [20, 17, 0.1, 0.3928037676403837, 0.4643533153159198, 0.4382463186301861],
 [20, 17, 1, 0.5271600102620657, 2.0863746512940877, 0.4457177631377009],
 [20, 18, 0.01, 0.40246937686446965, 0.4419714682174816, 0.43535986568810575],
 [20, 18, 0.1, 0.3916191164053259, 0.46040297185805557, 0.42283296703312034],
 [20, 18, 1, 0.5217160172083737, 2.437446001167583, 0.6861334364357469],
 [20, 19, 0.01, 0.40885343555019665, 0.46130601918211706, 0.40662017810061735],
 [20, 19, 0.1, 0.4037795641049078, 0.4456655502455632, 0.41596121317814694],
 [20, 19, 1, 0.4763006115347119, 1.6062509177673914, 0.4877898234634584],
 [20, 20, 0.01, 0.4039590070382035, 0.45125076201011005, 0.43941523323265713],
 [20, 20, 0.1, 0.3877560193608839, 0.4490131494025107, 0.4163677255374461],
 [20, 20, 1, 0.5554971494516542, 1.9813370778333863, 0.8569687737133469],
 [50, 1, 0.01, 0.5361086855475203, 0.5678063945949942, 0.521412600163604],
 [50, 1, 0.1, 0.5665384171413048, 0.5804602927649438, 0.5127321033199157],
 [50, 1, 1, 0.6429300115691174, 2.022642173954329, 0.6204898724036901],
 [50, 2, 0.01, 0.5027187575048935, 0.5397621782367026, 0.48314088474512323],
 [50, 2, 0.1, 0.5044971017397218, 0.552399836921001, 0.4926961973510948],
 [50, 2, 1, 0.5743495249415824, 1.5913095016227792, 0.4987141043576264],
 [50, 3, 0.01, 0.4952824053315267, 0.5198122103799447, 0.5181511437108751],
 [50, 3, 0.1, 0.4923372908982202, 0.5389572886117845, 0.4949445938529706],
 [50, 3, 1, 0.5654622314441092, 1.4803003310524403, 0.507129792993258],
 [50, 4, 0.01, 0.4646782727543797, 0.4859337030686229, 0.4794329204128914],
 [50, 4, 0.1, 0.4946360864965308, 0.5238702703095591, 0.4960075699979562],
 [50, 4, 1, 0.6620579241560256, 2.947499112085789, 0.5041757006530725],
 [50, 5, 0.01, 0.46572810417064214, 0.4933642534713754, 0.4634286666071719],
 [50, 5, 0.1, 0.44699270921235756, 0.48860903602055317, 0.48323721265305714],
 [50, 5, 1, 0.5433887175557726, 1.817068317001855, 2.040605787124441],
 [50, 6, 0.01, 0.45279642405428244, 0.4684371584445777, 0.4549241835881938],
 [50, 6, 0.1, 0.4479047695865691, 0.4809692349941604, 0.45386504825491675],
 [50, 6, 1, 0.5666270611892676, 2.7600352392450334, 0.5672412607116258],
 [50, 7, 0.01, 0.4118011729740769, 0.44965737583882837, 0.44050803102980235],
 [50, 7, 0.1, 0.4500959531944756, 0.4876917935668977, 0.4806748343065763],
 [50, 7, 1, 0.5459897182025449, 1.8624736264927368, 1.5280702710832477],
 [50, 8, 0.01, 0.44891446583233546, 0.45399528312486936, 0.4405757757953513],
 [50, 8, 0.1, 0.4443654979596894, 0.49053929064371954, 0.4528561688111869],
 [50, 8, 1, 0.5283878788373777, 1.5058192107240589, 1.5841182091931303],
 [50, 9, 0.01, 0.4532292315306005, 0.4707945744523288, 0.44441969352596444],
 [50, 9, 0.1, 0.44446465385511374, 0.4850669080580814, 0.46678475560782773],
 [50, 9, 1, 0.4864469011632918, 1.2140059644589356, 4.088818673971797],
 [50, 10, 0.01, 0.4277581563863966, 0.45782765491262295, 0.4225023411536218],
 [50, 10, 0.1, 0.40806821116563263, 0.4373949912348515, 0.4172052173081693],
 [50, 10, 1, 0.46073911561162584, 1.6650239449561912, 0.9681630242676372],
 [50, 11, 0.01, 0.43278400222823243, 0.45330664685903654, 0.4418808841217196],
 [50, 11, 0.1, 0.41919434675123696, 0.45343837481913846, 0.439103066084454],
 [50, 11, 1, 0.546842197267414, 1.5434810281673796, 1.650998014300552],
 [50, 12, 0.01, 0.4159619436539434, 0.45095739245701394, 0.4451572008160434],
 [50, 12, 0.1, 0.4229790052476504, 0.45382344539803904, 0.4231548161993861],
 [50, 12, 1, 0.524718717974495, 1.8623327958781903, 2.951740685955858],
 [50, 13, 0.01, 0.41672872002187233, 0.43119895719802914, 0.41580140463247733],
 [50, 13, 0.1, 0.41872907202443443, 0.45975237285011217, 0.4176816700494866],
 [50, 13, 1, 0.49577013860425734, 1.3352887877630355, 0.8052724640675482],
 [50, 14, 0.01, 0.41933233839283685, 0.430057055495467, 0.4372412586596999],
 [50, 14, 0.1, 0.4265386490510804, 0.4521031470567965, 0.4562772922979683],
 [50, 14, 1, 0.5098987103686398, 1.9917860334176012, 0.4122157292296434],
 [50, 15, 0.01, 0.4130841975022843, 0.42742096652766337, 0.4049237841727354],
 [50, 15, 0.1, 0.4076788362044734, 0.4540197034685378, 0.4131102596370191],
 [50, 15, 1, 0.46167133552043377, 1.726481804949304, 0.5424529438413693],
 [50, 16, 0.01, 0.42651173461067327, 0.42088288317570804, 0.41285712897606297],
 [50, 16, 0.1, 0.4155037513851889, 0.4640953789843499, 0.434712299129626],
 [50, 16, 1, 0.582999599716851, 2.3607117081869915, 6.461350309265548],
 [50, 17, 0.01, 0.40114506555300544, 0.42972848610998843, 0.41638734282362944],
 [50, 17, 0.1, 0.40955096681344455, 0.43874180035745985, 0.4278822911717005],
 [50, 17, 1, 0.5655319672667358, 1.7685631237325836, 0.819022592496162],
 [50, 18, 0.01, 0.4188224319758985, 0.43572201724407994, 0.41834449178309924],
 [50, 18, 0.1, 0.4192997726849656, 0.4486561762446947, 0.4190399024837439],
 [50, 18, 1, 0.4818723070294203, 2.2557318712279146, 0.4058220957714415],
 [50, 19, 0.01, 0.3951000754939978, 0.43868563519276266, 0.4352780073199855],
 [50, 19, 0.1, 0.42418678388646114, 0.4420233890224007, 0.4436728846883612],
 [50, 19, 1, 0.4881354471469737, 1.6448960193550228, 0.5588033844995846],
 [50, 20, 0.01, 0.40073906458565806, 0.4210147732722886, 0.4130752553352264],
 [50, 20, 0.1, 0.4372369241881211, 0.4502936614075959, 0.5304652462863502],
 [50, 20, 1, 0.5032404000343538, 1.6915182739656853, 0.9627003259718923],
 [100, 1, 0.01, 0.5339607253494295, 0.5647121532925303, 0.5096750866887327],
 [100, 1, 0.1, 0.5477802350388116, 0.5534472847428579, 0.5496477259640503],
 [100, 1, 1, 0.6823475357416249, 1.8940838432989584, 0.8644326716011795],
 [100, 2, 0.01, 0.5041354220863317, 0.515135547741291, 0.486769203076195],
 [100, 2, 0.1, 0.5156022472274857, 0.5191536542668791, 0.49975526057732245],
 [100, 2, 1, 0.5970539509383699, 1.348440031712898, 1.211301998065396],
 [100, 3, 0.01, 0.5275868578025228, 0.5297445311517468, 0.4940439600810192],
 [100, 3, 0.1, 0.4922527745603511, 0.5146767120520896, 0.5154682940996788],
 [100, 3, 1, 0.5764553401407475, 2.256391322551027, 3.1621026071962737],
 [100, 4, 0.01, 0.499071837891392, 0.5002478902375647, 0.47608286460235727],
 [100, 4, 0.1, 0.4778627530946363, 0.5121524849626699, 0.46030848150166104],
 [100, 4, 1, 0.692148728633335, 2.366984086554129, 0.9088557111662762],
 [100, 5, 0.01, 0.47314693219659815, 0.4786650156016057, 0.4654987602279043],
 [100, 5, 0.1, 0.48809872207810506, 0.518385643700392, 0.4942489883244967],
 [100, 5, 1, 0.5360403993624173, 2.5107064625238715, 0.5138235413051034],
 [100, 6, 0.01, 0.46075937220533125, 0.4784330646715624, 0.4615403130546678],
 [100, 6, 0.1, 0.4688647243109122, 0.4881168258976536, 0.5161208047472033],
 [100, 6, 1, 0.5957406428370732, 2.3831848464542373, 4.8441153497821645],
 [100, 7, 0.01, 0.4755953850383655, 0.47365361417938184, 0.4556862114838273],
 [100, 7, 0.1, 0.46142436363279477, 0.4862614180436669, 0.4570759317981618],
 [100, 7, 1, 0.5984150583624677, 2.6670031802429586, 1.1350103166165149],
 [100, 8, 0.01, 0.4323441247464322, 0.44361167222936704, 0.4369718827990608],
 [100, 8, 0.1, 0.4312626187923446, 0.44261857646860703, 0.49110165904923136],
 [100, 8, 1, 0.49072264414742284, 1.8135317654996963, 4.733502482256454],
 [100, 9, 0.01, 0.4360821693910767, 0.4413759791464134, 0.43751447114120723],
 [100, 9, 0.1, 0.4576849784006468, 0.4759824457808758, 0.4499948822511544],
 [100, 9, 1, 0.5595483641827893, 2.3846778481028768, 0.4438989819320018],
 [100, 10, 0.01, 0.44998014137636844, 0.45868563035115617, 0.44089326536222606],
 [100, 10, 0.1, 0.4237925197296269, 0.4590793940719725, 0.44880960304153256],
 [100, 10, 1, 0.48971544024857216, 1.7113602945000703, 4.495812672739191],
 [100, 11, 0.01, 0.4367352246420625, 0.44794888894546, 0.4355158540785166],
 [100, 11, 0.1, 0.4360177594232028, 0.4662846881490831, 0.44007477163618947],
 [100, 11, 1, 0.6000459496786789, 2.7334850400614275, 0.6025927225478933],
 [100, 12, 0.01, 0.4190707612628854, 0.4257662832292987, 0.412705240219192],
 [100, 12, 0.1, 0.45042707921638436, 0.46674804237387935, 0.4707442372772185],
 [100, 12, 1, 0.4715472070580408, 1.201617102261054, 0.49262328260874355],
 [100, 13, 0.01, 0.42407936604156327, 0.4356816261713418, 0.4267784446705466],
 [100, 13, 0.1, 0.4284463782620289, 0.44778125241822925, 0.39420826989272817],
 [100, 13, 1, 0.5423805573529952, 1.8523055982754246, 1.9933554516069896],
 [100, 14, 0.01, 0.4206968493992028, 0.4196870437398587, 0.41347639295771094],
 [100, 14, 0.1, 0.4217051765951001, 0.44023479870716586, 0.45327815763034],
 [100, 14, 1, 0.509164810936982, 1.6124674180162426, 2.5061479948690066],
 [100, 15, 0.01, 0.4336707316796103, 0.4440748144979275, 0.39865338841771414],
 [100, 15, 0.1, 0.42934706631859265, 0.4452037671878446, 0.41373327990003644],
 [100, 15, 1, 0.4985272898166956, 1.4761022939395363, 2.935838630437452],
 [100, 16, 0.01, 0.4200315729731131, 0.4310583133732714, 0.4135081083359173],
 [100, 16, 0.1, 0.421510746886408, 0.4444274849985477, 0.4725147500255137],
 [100, 16, 1, 0.5092528117543984, 1.971145073114974, 0.7057412648318176],
 [100, 17, 0.01, 0.43852081403442894, 0.4514807331884227, 0.426795232619056],
 [100, 17, 0.1, 0.4088577100787777, 0.442807873947786, 0.4246940776419028],
 [100, 17, 1, 0.4597470387974047, 1.8532659679602275, 2.9974025868216216],
 [100, 18, 0.01, 0.40700319049730443, 0.424131374609024, 0.42824038244181495],
 [100, 18, 0.1, 0.40530194683817217, 0.4178273306680869, 0.42148000918033934],
 [100, 18, 1, 0.529940862446332, 1.945450921572511, 1.510319159641068],
 [100, 19, 0.01, 0.42918441917466826, 0.44050083481199503, 0.4456492221062603],
 [100, 19, 0.1, 0.43132724198133143, 0.44436222365563066, 0.41977106981322565],
 [100, 19, 1, 0.4674303034939536, 1.814635626802115, 3.059056543679493],
 [100, 20, 0.01, 0.39326529535539845, 0.40900803411424996, 0.40158386323719764],
 [100, 20, 0.1, 0.4071697754513742, 0.4366658833253202, 0.40379939121847247],
 [100, 20, 1, 0.5596989592235617, 2.11868921755124, 0.9544328820388704],
 [200, 1, 0.01, 0.552113267887003, 0.5508505859431387, 0.4890960987648875],
 [200, 1, 0.1, 0.570522156753442, 0.5874149569410937, 0.5108869177805015],
 [200, 1, 1, 0.5821034182004088, 1.7126544796279166, 2.455216700323422],
 [200, 2, 0.01, 0.5281841004133039, 0.5370753945252291, 0.5141661241776236],
 [200, 2, 0.1, 0.5161055064074267, 0.5448459064110158, 0.5419319087203112],
 [200, 2, 1, 0.6840635082261014, 3.097450269831513, 2.499544161268536],
 [200, 3, 0.01, 0.49925358541586584, 0.5035276664554759, 0.4932099129081338],
 [200, 3, 0.1, 0.49943420960672824, 0.5257521066888328, 0.4856896433969764],
 [200, 3, 1, 0.5798232531148548, 2.3890066120430236, 0.49442501027285274],
 [200, 4, 0.01, 0.4819195031882523, 0.4700663666979773, 0.4539166970065089],
 [200, 4, 0.1, 0.49259362823389397, 0.5078590792589194, 0.48923338510962217],
 [200, 4, 1, 0.5708411828580457, 1.5171294085032596, 2.9827373809062627],
 [200, 5, 0.01, 0.47805231080705174, 0.4825143635252416, 0.4532268586712293],
 [200, 5, 0.1, 0.461489214603248, 0.4806458643411909, 0.4353220766858512],
 [200, 5, 1, 0.5782657979725989, 2.180590223293883, 0.9237743502647857],
 [200, 6, 0.01, 0.4846844795051049, 0.49366384939625735, 0.4633221382838071],
 [200, 6, 0.1, 0.4767497340747471, 0.495053923599347, 0.4732517678419941],
 [200, 6, 1, 0.5779829303065716, 1.828793056744202, 6.710892119144625],
 [200, 7, 0.01, 0.45113071537134425, 0.45673115359547056, 0.46186151585858076],
 [200, 7, 0.1, 0.4475222958234336, 0.47330730473789095, 0.4884303631980673],
 [200, 7, 1, 0.5938384016851473, 2.129334141785177, 7.630395388834882],
 [200, 8, 0.01, 0.4707240955398276, 0.47890060266773266, 0.46773680889176944],
 [200, 8, 0.1, 0.44786736615402634, 0.46998094724970335, 0.4264592147120295],
 [200, 8, 1, 0.6478101793977891, 1.8083986078222345, 1.8588372231122012],
 [200, 9, 0.01, 0.4344666268891008, 0.44279401777924177, 0.4435395114822425],
 [200, 9, 0.1, 0.45379548779090745, 0.4497553034756135, 0.44574624951612574],
 [200, 9, 1, 0.5306941532257883, 1.9751312533819436, 0.7883100933834906],
 [200, 10, 0.01, 0.4273194667531346, 0.43163241757403925, 0.44221868340248194],
 [200, 10, 0.1, 0.42493377998417514, 0.4554726241783027, 0.4642230281890536],
 [200, 10, 1, 0.5765273906796573, 2.2164713356850134, 1.0909183526061377],
 [200, 11, 0.01, 0.42848778050397424, 0.4448270981416863, 0.42996193211277317],
 [200, 11, 0.1, 0.44987748564007984, 0.45346260482323614, 0.4479911880576758],
 [200, 11, 1, 0.4788979153175439, 2.069303302708348, 0.8079864226596499],
 [200, 12, 0.01, 0.4126829922901577, 0.42408867622930213, 0.42484005622509013],
 [200, 12, 0.1, 0.43430370022504566, 0.4503612826257598, 0.4288765799916903],
 [200, 12, 1, 0.5058011616321039, 3.0684887405243355, 0.44736197520752047],
 [200, 13, 0.01, 0.4355713349518447, 0.44008947744341986, 0.4225164291602527],
 [200, 13, 0.1, 0.4219241409841568, 0.44465224643470924, 0.4431251540472368],
 [200, 13, 1, 0.5129361239306972, 2.1562534070218677, 0.5362388919751206],
 [200, 14, 0.01, 0.42381574056025384, 0.4299061658276374, 0.419980259066498],
 [200, 14, 0.1, 0.41977237123547495, 0.43444851099672654, 0.42153324906744494],
 [200, 14, 1, 0.5452174773028892, 2.115049277957259, 1.2068708643167405],
 [200, 15, 0.01, 0.41442332602445786, 0.43060598356084345, 0.4170018763161477],
 [200, 15, 0.1, 0.42695476636762686, 0.4367984932908427, 0.42118505562923453],
 [200, 15, 1, 0.5397397542551656, 1.9757142668105985, 1.3553612344632022],
 [200, 16, 0.01, 0.4321605105392721, 0.4242054293289361, 0.43582881859482825],
 [200, 16, 0.1, 0.40824403705598244, 0.4247905995842144, 0.4204504874172559],
 [200, 16, 1, 0.5234250877671733, 1.9251633658781824, 0.5696945382021279],
 [200, 17, 0.01, 0.42396987765828903, 0.4283705341664688, 0.4214578162061854],
 [200, 17, 0.1, 0.4181217642243559, 0.42967279820563203, 0.42291140332047866],
 [200, 17, 1, 0.4754017283271149, 0.9011750067407401, 2.2221091041562273],
 [200, 18, 0.01, 0.41852402473724437, 0.430636185432265, 0.42123020289580626],
 [200, 18, 0.1, 0.4135015816173785, 0.4301199021346349, 0.41934791535813615],
 [200, 18, 1, 0.46243234272891803, 1.419074102164347, 0.4107986422693592],
 [200, 19, 0.01, 0.4011772320928815, 0.41130162542234255, 0.39956133197684296],
 [200, 19, 0.1, 0.42342964062625404, 0.44385373653305643, 0.4260731474219371],
 [200, 19, 1, 0.48322226720513595, 2.4888851356317074, 4.281685764880226],
 [200, 20, 0.01, 0.4219569377157268, 0.4263651739382519, 0.42253967780961516],
 [200, 20, 0.1, 0.4118839956771806, 0.4282211158857733, 0.4358545654952681],
 [200, 20, 1, 0.4991927121943373, 2.828864238899919, 0.42187269790526877]]
